     0/199    0.732G   0.07451    0.0335   0.05408    0.1621         2       384    0.1958    0.4268    0.2212    0.1362   0.02542   0.01651   0.03724
     1/199    0.738G   0.04708   0.02843   0.04639    0.1219         2       384    0.2317    0.6137    0.2861    0.1599   0.02681   0.01203    0.0327
     2/199    0.738G   0.04335   0.02488   0.04163    0.1099         6       384    0.2794    0.6744     0.397    0.2693   0.02314   0.01167   0.02985
     3/199    0.738G   0.03961   0.02396   0.04053    0.1041         3       384    0.3252    0.6977    0.4554     0.256   0.02647   0.01195   0.02793
     4/199    0.738G   0.03427   0.02332   0.03677   0.09436         3       384    0.4637    0.6826    0.5818    0.4132   0.02121   0.01055   0.02422
     5/199    0.738G   0.03052   0.02323   0.03435   0.08811         2       384    0.5181    0.7588    0.6785    0.5174    0.0148   0.01016   0.02148
     6/199    0.738G   0.02793   0.02127   0.03043   0.07963         4       384      0.61    0.6905    0.7017    0.5479   0.01437   0.01165   0.01975
     7/199    0.738G   0.02731   0.02148   0.02847   0.07726         3       384    0.7693    0.7779    0.8511    0.6901   0.01348  0.009762   0.01301
     8/199    0.738G   0.02738   0.02134   0.02629     0.075         7       384    0.7426    0.6761    0.7758    0.6232   0.01331  0.009717   0.01597
     9/199    0.738G   0.02624   0.02156   0.02434   0.07215         3       384    0.7806    0.7738     0.841    0.6747   0.01276  0.009641   0.01456
    10/199    0.738G   0.02531   0.02062   0.02323   0.06916         4       384    0.8031    0.7394    0.8427    0.6912   0.01321  0.009563   0.01502
    11/199    0.738G   0.02418   0.02079   0.02245   0.06742         3       384    0.8728     0.807    0.9106    0.7585    0.0117  0.008836  0.009746
    12/199    0.738G   0.02433   0.02057    0.0212   0.06609         3       384     0.825    0.8002    0.8851    0.7365   0.01325   0.00943   0.01136
    13/199    0.738G   0.02379   0.02051   0.01969   0.06399         1       384    0.8497    0.8251    0.9055    0.7571    0.0128   0.00908  0.009056
    14/199    0.738G   0.02318   0.01995   0.01895   0.06207         6       384    0.8763    0.8613    0.9299    0.7618   0.01276  0.008867  0.007476
    15/199    0.738G   0.02357   0.01982    0.0188   0.06219         5       384     0.861    0.8772    0.9303    0.7863   0.01165  0.008629  0.007729
    16/199    0.738G   0.02237   0.01959    0.0174   0.05936         4       384    0.8806    0.8743    0.9352    0.7991   0.01116  0.008277  0.007649
    17/199    0.738G   0.02236   0.01918   0.01636    0.0579         5       384    0.8835    0.8915    0.9441    0.8142   0.01075  0.007986  0.007187
    18/199    0.738G   0.02245   0.01925   0.01643   0.05813        13       384    0.8463    0.8699    0.9194    0.7761   0.01151  0.008748  0.007322
    19/199    0.738G   0.02177    0.0193   0.01668   0.05775         8       384    0.8891    0.8634    0.9329    0.7912   0.01067  0.008648  0.007046
    20/199    0.738G   0.02166   0.01882    0.0153   0.05578         3       384    0.9086    0.8973    0.9552    0.8238   0.01011  0.008086  0.004754
    21/199    0.738G    0.0214   0.01849   0.01487   0.05476         4       384    0.8882     0.916    0.9544    0.8303  0.009941  0.007967  0.005381
    22/199    0.738G   0.02083   0.01855   0.01398   0.05336         6       384    0.8993    0.8963     0.952    0.8332    0.0104  0.007694  0.005651
    23/199    0.738G    0.0212   0.01834   0.01421   0.05375         6       384    0.8781    0.9194    0.9577    0.8356   0.01019  0.008074    0.0051
    24/199    0.738G   0.02128   0.01856   0.01402   0.05386         2       384    0.8963    0.9195    0.9615    0.8248   0.01077  0.007782  0.005606
    25/199    0.738G   0.02089   0.01855   0.01352   0.05296         5       384    0.9025    0.9384    0.9694    0.8418   0.01026  0.007725  0.004096
    26/199    0.738G   0.02022   0.01853   0.01344   0.05219         6       384    0.9137    0.9361     0.967    0.8448   0.01047  0.007638  0.003648
    27/199    0.738G   0.02026    0.0177   0.01223    0.0502         7       384    0.9224     0.925    0.9644    0.8437  0.009906  0.007328  0.004366
    28/199    0.738G   0.02077   0.01812   0.01226   0.05115         2       384    0.9161    0.8932    0.9556    0.8369   0.00962  0.007682  0.004887
    29/199    0.738G   0.01967   0.01735   0.01246   0.04947         2       384    0.9147    0.9138    0.9628    0.8539  0.009381  0.007441  0.005193
    30/199    0.738G   0.01985     0.018   0.01284   0.05069         6       384    0.9289     0.908     0.966    0.8538  0.009096  0.007594  0.003588
    31/199    0.738G   0.02008   0.01759   0.01187   0.04954         6       384    0.9239    0.9198    0.9633    0.8456  0.009921  0.007545  0.003728
    32/199    0.738G   0.01937   0.01742   0.01187   0.04867         2       384    0.9148    0.9332    0.9677    0.8574  0.009775  0.007401    0.0036
    33/199    0.738G   0.01935   0.01786   0.01169    0.0489         4       384    0.8967    0.9312    0.9624    0.8488  0.009952  0.007623  0.004051
    34/199    0.738G   0.01902   0.01696   0.01214   0.04813        11       384     0.925    0.9467    0.9761    0.8626  0.009182  0.007163  0.002742
    35/199    0.738G   0.01913   0.01699   0.01153   0.04764         1       384    0.9367    0.9351     0.976    0.8639  0.009351   0.00711  0.002622
    36/199    0.738G   0.01895   0.01718   0.01059   0.04672         5       384    0.9296    0.9523    0.9777     0.868  0.008691  0.007138  0.002325
    37/199    0.738G   0.01908   0.01753    0.0122   0.04881         7       384    0.9304    0.9522    0.9737    0.8647  0.008762  0.007188  0.002688
    38/199    0.738G   0.01877    0.0167   0.01136   0.04683         2       384    0.9366    0.9145    0.9637    0.8553  0.009103  0.007254  0.004466
    39/199    0.738G   0.01849   0.01689   0.01149   0.04687         3       384    0.9407    0.9424    0.9769    0.8838  0.008613  0.007036  0.002399
    40/199    0.738G   0.01872    0.0173   0.01036   0.04638         4       384     0.937    0.9467    0.9744    0.8647  0.008684  0.006901  0.002397
    41/199    0.738G   0.01835   0.01656  0.009374   0.04429         7       384    0.9291     0.935    0.9743    0.8747  0.008533    0.0071  0.003138
    42/199    0.738G   0.01837   0.01665  0.009403   0.04442         4       384    0.9385    0.9584    0.9788    0.8887  0.008197  0.006756  0.002784
    43/199    0.738G   0.01839   0.01636  0.009496   0.04424         9       384    0.9232    0.9576    0.9781    0.8903  0.008383  0.006763  0.002155
    44/199    0.738G    0.0179   0.01657  0.009157   0.04362         6       384     0.945    0.9529      0.98    0.8886  0.007977  0.006823  0.001961
    45/199    0.738G   0.01756   0.01597  0.009608   0.04314         4       384     0.943    0.9392    0.9796    0.8846  0.008404  0.006761  0.001878
    46/199    0.738G   0.01786    0.0167  0.009314   0.04387         2       384    0.9316    0.9716     0.982    0.8926  0.008122  0.006638  0.001888
    47/199    0.738G    0.0179   0.01599   0.00944   0.04334         2       384    0.9324    0.9576    0.9814    0.8904  0.008089  0.006661  0.001633
    48/199    0.738G     0.018   0.01611  0.008745   0.04286         1       384    0.9361    0.9577    0.9797    0.8837  0.008308  0.006914   0.00151
    49/199    0.738G    0.0178   0.01589  0.007969   0.04166         7       384    0.9307     0.957    0.9785    0.8875  0.008113  0.006828  0.002016
    50/199    0.738G   0.01718   0.01585  0.009245   0.04227         2       384    0.9463    0.9424     0.979    0.8902  0.008193  0.006723  0.001936
    51/199    0.738G   0.01763   0.01589  0.008908   0.04244         3       384    0.9441    0.9568    0.9777    0.8819  0.008031  0.006857  0.001797
    52/199    0.738G   0.01735   0.01587  0.008388   0.04161         5       384    0.9446    0.9531    0.9828    0.8977  0.007804  0.006587  0.001616
    53/199    0.738G   0.01735   0.01575  0.008706    0.0418         7       384    0.9334    0.9578    0.9794    0.8948  0.008231  0.006606  0.002016
    54/199    0.738G   0.01697    0.0156  0.009069   0.04164         1       384    0.9499     0.948    0.9822     0.897  0.007893    0.0066  0.002001
    55/199    0.738G   0.01705   0.01601  0.008419   0.04148         5       384    0.9499    0.9567    0.9798    0.8983  0.008067  0.006443  0.001593
    56/199    0.738G   0.01708   0.01576  0.008436   0.04128         2       384    0.9516    0.9575    0.9828    0.8988   0.00774  0.006292  0.001653
    57/199    0.738G   0.01681   0.01552  0.007685   0.04001         3       384    0.9503    0.9496    0.9832    0.8991  0.007737  0.006349  0.002086
    58/199    0.738G   0.01703   0.01558  0.008266   0.04087         2       384    0.9581    0.9527     0.983     0.898  0.007723  0.006364  0.001686
    59/199    0.738G   0.01668   0.01593  0.008395     0.041         6       384    0.9471    0.9601    0.9816    0.8955  0.007695  0.006494  0.001815
    60/199    0.738G    0.0165   0.01535  0.007816   0.03966         5       384     0.943    0.9513    0.9808    0.9056  0.007442  0.006458   0.00211
    61/199    0.738G   0.01658   0.01517  0.007888   0.03964         1       384    0.9516    0.9476    0.9814    0.9022  0.007546  0.006467  0.002431
    62/199    0.738G   0.01646   0.01565  0.007725   0.03984         8       384    0.9503    0.9614    0.9807    0.8998  0.007534  0.006405  0.001579
    63/199    0.738G   0.01644   0.01514  0.007758   0.03934         3       384    0.9595    0.9586     0.983    0.9043  0.007522  0.006267  0.001614
    64/199    0.738G   0.01657    0.0151  0.008073   0.03975         2       384     0.937    0.9632    0.9782    0.8957  0.007317  0.006531  0.002667
    65/199    0.738G   0.01657   0.01531  0.007154   0.03904         5       384    0.9576     0.964    0.9861      0.91  0.007223  0.006085  0.001363
    66/199    0.738G    0.0162   0.01506  0.007371   0.03862         5       384    0.9525    0.9651    0.9829    0.9043  0.007533  0.006187  0.002169
    67/199    0.738G   0.01632   0.01478  0.007311   0.03841         2       384    0.9419     0.972    0.9837     0.912  0.007193  0.006183  0.001788
    68/199    0.738G   0.01591   0.01491  0.006547   0.03736         2       384    0.9505    0.9668    0.9832    0.9054  0.007356  0.006297  0.001502
    69/199    0.738G   0.01595    0.0147  0.006597   0.03725         5       384    0.9567    0.9568    0.9842    0.9079  0.007276  0.006261  0.001765
    70/199    0.738G   0.01586   0.01472  0.007847   0.03843         6       384    0.9638    0.9616    0.9844    0.9063  0.007272  0.006209  0.001695
    71/199    0.738G   0.01573     0.015  0.007614   0.03835         7       384    0.9536     0.974    0.9862    0.9129  0.007123  0.006036  0.001539
    72/199    0.738G   0.01593   0.01501  0.007194   0.03813         3       384    0.9475    0.9575     0.984    0.9137  0.007203    0.0062  0.002248
    73/199    0.738G   0.01586   0.01493  0.007634   0.03843         9       384    0.9695    0.9551     0.985    0.9043  0.007223  0.006029  0.001914
    74/199    0.738G   0.01573   0.01469  0.007126   0.03754         7       384    0.9559    0.9616    0.9853    0.9166  0.007031  0.006062  0.001506
    75/199    0.738G   0.01605    0.0148   0.00699   0.03784         2       384    0.9599    0.9577    0.9843    0.9128  0.007123  0.006005  0.002004
    76/199    0.738G   0.01579   0.01455  0.007038   0.03737         9       384      0.96    0.9569    0.9857    0.9117  0.007109  0.006007  0.001513
    77/199    0.738G   0.01615   0.01517  0.007016   0.03834         7       384    0.9671    0.9461    0.9853    0.9161  0.007064  0.006085  0.001754
    78/199    0.738G   0.01554   0.01478  0.007072    0.0374         2       384    0.9584     0.958    0.9839    0.9115  0.007073  0.006071  0.001524
    79/199    0.738G   0.01526   0.01435  0.005543   0.03516         4       384    0.9593    0.9493    0.9852    0.9133  0.007086  0.006176  0.002115
    80/199    0.738G   0.01563    0.0145  0.006255   0.03638         4       384    0.9539    0.9587    0.9839    0.9144  0.006955  0.005947  0.001894
    81/199    0.738G   0.01552   0.01418  0.006258   0.03596         2       384    0.9535    0.9619    0.9855    0.9153  0.006888  0.005954  0.001587
    82/199    0.738G   0.01519   0.01417  0.006337    0.0357         1       384    0.9559    0.9677    0.9821    0.9119  0.006893  0.006048   0.00184
    83/199    0.738G   0.01489   0.01452  0.006333   0.03575         7       384    0.9597    0.9632    0.9837    0.9141  0.006928  0.006066   0.00157
    84/199    0.738G   0.01513   0.01451  0.006157    0.0358         3       384    0.9444     0.973    0.9849    0.9209  0.006777  0.005918  0.001459
    85/199    0.738G   0.01495   0.01401  0.006158   0.03512         8       384     0.955    0.9681    0.9868    0.9215  0.007051  0.006048  0.001676
    86/199    0.738G   0.01515   0.01448  0.006865   0.03649         4       384    0.9593    0.9621    0.9841    0.9167  0.006759  0.006034  0.001552
    87/199    0.738G   0.01523   0.01431  0.005655    0.0352         2       384    0.9621    0.9615    0.9841    0.9233  0.006865  0.005981  0.001465
    88/199    0.738G   0.01501    0.0139   0.00536   0.03427         3       384    0.9658    0.9629    0.9837     0.918  0.006762  0.005885  0.001166
    89/199    0.738G   0.01472   0.01395  0.006413   0.03508         2       384    0.9513    0.9692    0.9844    0.9195  0.006922  0.005965  0.001372
    90/199    0.738G   0.01476   0.01429  0.006012   0.03507         4       384    0.9603    0.9691    0.9854    0.9229  0.006564  0.005744  0.001865
    91/199    0.738G   0.01476   0.01396  0.005547   0.03427         4       384    0.9593    0.9656    0.9857    0.9183  0.006501  0.005908  0.001417
    92/199    0.738G   0.01462   0.01389  0.005215   0.03372         1       384    0.9504    0.9689     0.987    0.9244  0.006535  0.005785  0.001283
    93/199    0.738G   0.01432   0.01369  0.005441   0.03346         7       384    0.9525    0.9749    0.9856    0.9251  0.006682  0.005739  0.001507
    94/199    0.738G   0.01449   0.01359  0.005559   0.03364         6       384    0.9717    0.9594    0.9891    0.9254    0.0066  0.005772  0.001358
    95/199    0.738G   0.01445   0.01331  0.006044    0.0338         6       384    0.9472    0.9744    0.9852    0.9237  0.006593   0.00577  0.001645
    96/199    0.738G   0.01466   0.01354  0.005951   0.03415         3       384     0.964    0.9661     0.986    0.9255  0.006355  0.005807  0.001376
    97/199    0.738G   0.01461   0.01364  0.005716   0.03397         2       384     0.953    0.9773    0.9871    0.9307  0.006283  0.005728  0.001399
    98/199    0.738G   0.01399   0.01335   0.00593   0.03327         1       384    0.9577    0.9739    0.9865    0.9301  0.006394  0.005725  0.001481
    99/199    0.738G   0.01441   0.01363  0.005441   0.03348         4       384    0.9629    0.9586    0.9864    0.9251  0.006391  0.005693  0.001449
   100/199    0.738G   0.01418   0.01321  0.005621   0.03301         2       384    0.9612     0.958    0.9838    0.9272  0.006385  0.005904  0.001395
   101/199    0.738G   0.01384   0.01353  0.004788   0.03216         3       384    0.9684    0.9539    0.9832    0.9259  0.006382  0.005766   0.00195
   102/199    0.738G   0.01403   0.01307  0.004828   0.03193         2       384    0.9595     0.957    0.9842    0.9271  0.006341  0.005759  0.001934
   103/199    0.738G   0.01411   0.01328  0.005124   0.03251         6       384    0.9629    0.9631    0.9848    0.9256   0.00645  0.005838   0.00186
   104/199    0.738G   0.01385   0.01335  0.004683   0.03188         2       384     0.959    0.9731    0.9855    0.9282  0.006413  0.005719  0.001536
   105/199    0.738G   0.01396   0.01352  0.005233   0.03272         9       384    0.9634    0.9695    0.9857    0.9284  0.006234  0.005754  0.001603
   106/199    0.738G   0.01388   0.01351  0.005205    0.0326         5       384    0.9553    0.9595    0.9819    0.9196  0.006467  0.006021  0.002115
   107/199    0.738G   0.01388   0.01305   0.00555   0.03248         2       384    0.9614    0.9633    0.9861    0.9291  0.006326  0.005772  0.002048
   108/199    0.738G   0.01395   0.01349  0.005332   0.03277         4       384    0.9607    0.9651    0.9859    0.9316  0.006187  0.005769   0.00109
   109/199    0.738G   0.01396   0.01341  0.004588   0.03196         5       384    0.9483    0.9731    0.9861    0.9268  0.006301   0.00556  0.001265
   110/199    0.738G   0.01372   0.01305  0.004334   0.03111         2       384     0.957    0.9741    0.9861    0.9295  0.006281  0.005747  0.001356
   111/199    0.738G   0.01382   0.01296  0.005264   0.03205         3       384    0.9596    0.9651    0.9857    0.9311  0.006197  0.005619  0.001159
   112/199    0.738G   0.01361   0.01298  0.004632   0.03122         3       384    0.9451    0.9752    0.9849     0.931   0.00617  0.005601   0.00111
   113/199    0.738G   0.01347   0.01302  0.004705    0.0312         9       384     0.958     0.967    0.9865    0.9329  0.006056  0.005588  0.001251
   114/199    0.738G   0.01361   0.01288  0.004279   0.03077         2       384    0.9595    0.9723    0.9868    0.9294  0.006036  0.005658  0.001636
   115/199    0.738G   0.01322   0.01288   0.00399   0.03009         9       384    0.9641    0.9657    0.9853    0.9343  0.006086  0.005585   0.00214
   116/199    0.738G   0.01309   0.01282  0.004372   0.03028         4       384    0.9564    0.9728    0.9839    0.9277  0.006166  0.005812  0.001958
   117/199    0.738G   0.01307   0.01279  0.004441    0.0303         7       384    0.9606    0.9704    0.9872     0.931  0.006118  0.005665  0.001465
   118/199    0.738G   0.01317   0.01262  0.003833   0.02963         5       384    0.9621    0.9665    0.9855    0.9335  0.005908   0.00548   0.00177
   119/199    0.738G   0.01319    0.0126  0.004331   0.03012         7       384    0.9555    0.9739    0.9858    0.9343  0.006002  0.005629  0.001608
   120/199    0.738G   0.01309   0.01252  0.004389      0.03         1       384    0.9635    0.9675    0.9864    0.9335  0.006042  0.005531  0.001454
   121/199    0.738G   0.01315   0.01271  0.004406   0.03026         5       384    0.9539    0.9719    0.9849    0.9353  0.005938  0.005521  0.001328
   122/199    0.738G    0.0128   0.01252  0.004559   0.02988         2       384    0.9601    0.9677    0.9846    0.9359   0.00597  0.005595  0.001194
   123/199    0.738G   0.01303   0.01312  0.004303   0.03046        12       384    0.9568    0.9717     0.986    0.9329  0.006058  0.005649  0.001111
   124/199    0.738G   0.01311    0.0124  0.004585    0.0301         3       384    0.9657    0.9652    0.9828    0.9284  0.005984  0.005615  0.002215
   125/199    0.738G   0.01277   0.01242  0.003879   0.02907         6       384    0.9586    0.9643    0.9833    0.9317  0.005996  0.005687  0.002074
   126/199    0.738G   0.01275   0.01269   0.00384   0.02928        13       384    0.9559    0.9708    0.9848    0.9327  0.005848  0.005585  0.002096
   127/199    0.738G   0.01296   0.01241  0.004173   0.02954         6       384    0.9644    0.9618    0.9835    0.9298  0.005966  0.005636  0.002533
   128/199    0.738G   0.01266   0.01202  0.003838   0.02852         4       384    0.9588    0.9706    0.9861    0.9328  0.006015  0.005556   0.00176
   129/199    0.738G     0.013   0.01232  0.003954   0.02928         4       384    0.9556    0.9751    0.9856    0.9351  0.006016  0.005465  0.001235
   130/199    0.738G    0.0126   0.01204  0.004105   0.02874         2       384    0.9607    0.9721    0.9866    0.9343  0.005992  0.005474  0.001185
   131/199    0.738G   0.01263   0.01226  0.003548   0.02844         4       384    0.9548    0.9753    0.9834     0.933   0.00609  0.005515  0.001642
   132/199    0.738G   0.01266   0.01244  0.003842   0.02894         6       384    0.9651    0.9692    0.9836    0.9323  0.005924  0.005434  0.001101
   133/199    0.738G   0.01258    0.0123  0.003866   0.02874         5       384    0.9626    0.9722    0.9856    0.9352   0.00603  0.005479   0.00178
   134/199    0.738G   0.01225   0.01213  0.004153   0.02854         2       384    0.9544    0.9742    0.9861    0.9353  0.005895  0.005428   0.00205
   135/199    0.738G    0.0124   0.01189  0.003819   0.02811         5       384    0.9666    0.9669    0.9856     0.938  0.005876  0.005412  0.002519
   136/199    0.738G   0.01262   0.01224  0.003846   0.02871         7       384     0.954    0.9738    0.9848    0.9367  0.005853  0.005429  0.002402
   137/199    0.738G   0.01218   0.01181  0.003164   0.02715         4       384    0.9598    0.9703    0.9872    0.9387  0.005778  0.005354  0.002235
   138/199    0.738G     0.012   0.01191  0.003471   0.02738         3       384    0.9546    0.9705    0.9861    0.9397  0.005757  0.005498  0.002257
   139/199    0.738G   0.01235    0.0118  0.003918   0.02807         4       384    0.9466    0.9812    0.9847    0.9386   0.00582  0.005579  0.002079
   140/199    0.738G   0.01233   0.01189  0.003489   0.02771         2       384    0.9594    0.9712    0.9835    0.9367  0.005748  0.005429  0.001791
   141/199    0.738G   0.01194   0.01133  0.003429    0.0267         2       384    0.9641    0.9616    0.9845    0.9369  0.005806  0.005472  0.001673
   142/199    0.738G   0.01181   0.01149  0.003322   0.02663         4       384    0.9579    0.9788    0.9862    0.9381  0.005769  0.005411   0.00147
   143/199    0.738G    0.0118   0.01188  0.003479   0.02716         9       384    0.9615    0.9666    0.9858     0.939   0.00571  0.005412  0.001217
   144/199    0.738G   0.01202   0.01173  0.003294   0.02704         1       384    0.9595    0.9654    0.9862    0.9379  0.005728  0.005536  0.001541
   145/199    0.738G   0.01218   0.01168  0.003573   0.02743         5       384    0.9681    0.9649    0.9846    0.9397  0.005574  0.005484  0.001534
   146/199    0.738G    0.0121   0.01203  0.003414   0.02755        10       384    0.9617     0.964    0.9867    0.9393  0.005615  0.005525  0.001336
   147/199    0.738G   0.01188    0.0115  0.003682   0.02706         1       384    0.9692    0.9616    0.9872    0.9392  0.005633  0.005315  0.001383
   148/199    0.738G   0.01201   0.01158  0.003445   0.02703         7       384    0.9653    0.9616    0.9867    0.9397  0.005683  0.005419  0.001534
   149/199    0.738G   0.01178   0.01111  0.003172   0.02606         5       384    0.9601    0.9661    0.9856    0.9381  0.005661  0.005437  0.001598
   150/199    0.738G   0.01187   0.01129  0.003282   0.02644         5       384    0.9629    0.9675    0.9879    0.9423  0.005561  0.005404  0.001755
   151/199    0.738G   0.01165   0.01164  0.002879   0.02617         1       384     0.956    0.9737    0.9872    0.9394  0.005511  0.005375  0.001745
   152/199    0.738G   0.01156   0.01129  0.003145   0.02599         8       384    0.9631    0.9703     0.987    0.9411  0.005505  0.005327  0.001607
   153/199    0.738G   0.01182   0.01135  0.003846   0.02702         8       384     0.957    0.9748     0.988    0.9433  0.005478  0.005317  0.001611
   154/199    0.738G   0.01158   0.01159   0.00334   0.02651         6       384     0.961    0.9751    0.9875    0.9399   0.00557  0.005352  0.001197
   155/199    0.738G   0.01147   0.01138   0.00289   0.02574         6       384    0.9646    0.9674    0.9874    0.9423  0.005584  0.005282   0.00109
   156/199    0.738G   0.01148   0.01117  0.003112   0.02576         2       384    0.9592    0.9716    0.9862    0.9409   0.00558  0.005286  0.001518
   157/199    0.738G   0.01164   0.01117  0.003061   0.02587         8       384    0.9694    0.9679    0.9851    0.9402  0.005592  0.005405  0.001352
   158/199    0.738G   0.01142   0.01137  0.002993   0.02578         5       384      0.97    0.9677     0.985    0.9394  0.005589  0.005421  0.001355
   159/199    0.738G   0.01129   0.01094  0.002707   0.02494         3       384    0.9695    0.9697    0.9844    0.9393  0.005554  0.005403  0.001318
   160/199    0.738G   0.01155   0.01109  0.003005   0.02564         4       384    0.9692    0.9691    0.9862    0.9399  0.005537  0.005349  0.001109
   161/199    0.738G   0.01129   0.01122  0.002833   0.02533         4       384    0.9649    0.9733    0.9879    0.9438  0.005543  0.005302  0.001136
   162/199    0.738G   0.01122   0.01088  0.002751   0.02485         4       384    0.9629    0.9751    0.9868     0.942   0.00561  0.005316  0.001125
   163/199    0.738G   0.01134    0.0109  0.002799   0.02504         6       384    0.9667     0.969    0.9865     0.941  0.005545   0.00526  0.001172
   164/199    0.738G   0.01141   0.01113  0.002936   0.02548         7       384    0.9719    0.9616    0.9865    0.9412  0.005488  0.005324  0.001004
   165/199    0.738G   0.01113   0.01149  0.003016   0.02563         9       384    0.9652    0.9708    0.9866    0.9413  0.005496  0.005291  0.001039
   166/199    0.738G    0.0112   0.01127  0.002839   0.02531        13       384    0.9749    0.9664    0.9864    0.9421  0.005485  0.005243  0.001082
   167/199    0.738G   0.01125   0.01103  0.002704   0.02499         4       384    0.9719    0.9665    0.9863    0.9428  0.005511  0.005236  0.001064
   168/199    0.738G   0.01136   0.01095  0.002962   0.02527         7       384    0.9645    0.9726    0.9883    0.9432  0.005449  0.005245  0.001129
   169/199    0.738G   0.01107   0.01102  0.003023   0.02511         4       384    0.9611    0.9731    0.9883     0.944  0.005472  0.005278  0.000925
   170/199    0.738G   0.01095    0.0109  0.002725   0.02457         2       384    0.9686     0.969    0.9869    0.9433  0.005462  0.005299 0.0009067
   171/199    0.738G   0.01116   0.01078  0.002548   0.02449         8       384     0.972    0.9709    0.9866    0.9427  0.005465  0.005159  0.000957
   172/199    0.738G   0.01122     0.011  0.002446   0.02466         3       384    0.9684    0.9726    0.9868    0.9453  0.005355  0.005117  0.000972
   173/199    0.738G   0.01098   0.01074  0.002725   0.02444         3       384    0.9645    0.9761    0.9869    0.9433  0.005418  0.005182 0.0009718
   174/199    0.738G   0.01086   0.01063  0.002586   0.02408         5       384    0.9725    0.9679    0.9863     0.943  0.005441  0.005289  0.000961
   175/199    0.738G   0.01086   0.01071  0.002682   0.02425         4       384     0.976    0.9707    0.9862    0.9428  0.005438  0.005268  0.001057
   176/199    0.738G   0.01091   0.01107  0.002629   0.02461         5       384    0.9784    0.9683    0.9861    0.9425  0.005424  0.005251  0.001093
   177/199    0.738G   0.01081   0.01049  0.002743   0.02404         6       384    0.9701    0.9728    0.9862    0.9436   0.00536  0.005284 0.0009326
   178/199    0.738G   0.01072   0.01047  0.002521   0.02371         8       384    0.9747    0.9667     0.986    0.9454    0.0054  0.005286 0.0009238
   179/199    0.738G    0.0109   0.01059  0.002418    0.0239         4       384    0.9656    0.9753    0.9842    0.9412  0.005432  0.005285 0.0009504
   180/199    0.738G   0.01113   0.01103    0.0028   0.02497         4       384    0.9679    0.9728    0.9841    0.9396  0.005418  0.005269 0.0009703
   181/199    0.738G   0.01082   0.01072  0.002379   0.02392         6       384    0.9684    0.9736    0.9838    0.9394  0.005423  0.005276 0.0008945
   182/199    0.738G   0.01071   0.01068  0.002597   0.02398         2       384    0.9712    0.9734    0.9852    0.9401  0.005419  0.005307 0.0009243
   183/199    0.738G   0.01077   0.01093  0.002732   0.02443         3       384    0.9688    0.9775    0.9862    0.9412  0.005403  0.005263   0.00104
   184/199    0.738G    0.0108   0.01055  0.002594   0.02395         4       384    0.9704    0.9707    0.9857    0.9421  0.005416   0.00528  0.001293
   185/199    0.738G   0.01088   0.01088  0.002522   0.02428         6       384    0.9665    0.9718    0.9868    0.9431  0.005355  0.005314  0.001155
   186/199    0.738G    0.0108   0.01076   0.00241   0.02398         6       384    0.9693    0.9665    0.9881    0.9459  0.005433  0.005375  0.001073
   187/199    0.738G   0.01051   0.01035  0.002159   0.02302         5       384    0.9648    0.9709    0.9874    0.9431  0.005407  0.005295  0.001083
   188/199    0.738G   0.01081   0.01072  0.002692   0.02422         4       384     0.965    0.9734    0.9869    0.9452  0.005403  0.005262  0.001229
   189/199    0.738G   0.01071   0.01089  0.002764   0.02436         6       384    0.9753     0.967     0.987    0.9449  0.005363  0.005189  0.001237
   190/199    0.738G   0.01039   0.01082  0.002943   0.02415         3       384    0.9787    0.9617    0.9882    0.9444   0.00538  0.005205  0.001012
   191/199    0.738G   0.01071   0.01063  0.002534   0.02387         7       384     0.981     0.959    0.9878    0.9438  0.005396  0.005207  0.001061
   192/199    0.738G   0.01066   0.01059  0.002636   0.02389         2       384    0.9747    0.9661    0.9871     0.945    0.0054  0.005241  0.001063
   193/199    0.738G   0.01067   0.01035  0.002424   0.02344         2       384    0.9632    0.9744    0.9886    0.9453  0.005408  0.005283  0.001305
   194/199    0.738G   0.01067   0.01053  0.002642   0.02384         5       384    0.9657    0.9759    0.9885    0.9463  0.005447  0.005248  0.001542
   195/199    0.738G   0.01062   0.01047   0.00256   0.02366         3       384    0.9701    0.9703    0.9889    0.9454  0.005472  0.005254  0.001187
   196/199    0.738G   0.01071   0.01061  0.002347   0.02366         4       384    0.9721    0.9684    0.9885    0.9458  0.005449  0.005303 0.0009328
   197/199    0.738G   0.01079   0.01048  0.002147   0.02342         8       384    0.9742     0.967    0.9878    0.9455  0.005384  0.005304 0.0009494
   198/199    0.738G   0.01049   0.01027  0.002111   0.02286         0       384    0.9606    0.9756    0.9869    0.9444  0.005331  0.005299 0.0009133
   199/199    0.738G   0.01029   0.01013  0.002176    0.0226         3       384    0.9689    0.9661    0.9863    0.9442  0.005351  0.005329 0.0009998
