      0/99    0.843G   0.08887   0.03381   0.05607    0.1787        17       384    0.1255    0.4266    0.1305   0.05525   0.04425   0.02581   0.04373
      1/99     1.26G    0.0545   0.03179   0.04944    0.1357        26       384     0.382    0.2887    0.1918    0.1061   0.03683   0.01937   0.04029
      2/99     1.26G   0.04709   0.02711   0.04403    0.1182        40       384    0.2475    0.5236    0.2972    0.1817   0.02958   0.01801   0.03534
      3/99     1.26G    0.0408   0.02412   0.04111     0.106        19       384    0.2472    0.6187    0.3477     0.231   0.02549   0.01526   0.03325
      4/99     1.26G   0.03856   0.02267   0.03871   0.09995        25       384    0.3186    0.6083    0.4054    0.2516   0.02741   0.01308   0.03074
      5/99     1.26G   0.03984   0.02184   0.03694   0.09862        15       384    0.3223    0.7263    0.4986    0.3192   0.02547   0.01239   0.03094
      6/99     1.26G   0.03572   0.02126     0.033   0.08997        34       384    0.5206     0.675    0.6898    0.5114   0.01917   0.01045   0.02246
      7/99     1.26G   0.03423   0.02061   0.03004   0.08487        19       384    0.5735    0.7162    0.7138    0.5078   0.02306   0.01077   0.02198
      8/99     1.26G     0.036   0.02112   0.02704   0.08416        22       384    0.5647    0.6551    0.6623    0.4171   0.02453   0.01338   0.01912
      9/99     1.26G   0.03289   0.02144   0.02509   0.07942        17       384    0.6867    0.6694    0.7255    0.5267   0.02223   0.01258   0.01844
     10/99     1.26G   0.03229   0.02121   0.02394   0.07744        25       384    0.7665     0.646    0.7598    0.5655   0.02253   0.01373   0.01635
     11/99     1.26G   0.03034   0.02115   0.02151     0.073        21       384    0.7841     0.756    0.8476    0.6368   0.02055   0.01159   0.01393
     12/99     1.26G    0.0291   0.02104   0.02085     0.071        16       384    0.7511    0.7465    0.8073    0.6259   0.01859    0.0119   0.01642
     13/99     1.26G   0.02744   0.02021    0.0193   0.06695        14       384    0.8499    0.8766     0.926     0.722   0.01716  0.009795  0.009529
     14/99     1.26G   0.02665   0.01969   0.01728   0.06362        25       384    0.8847     0.851    0.9173    0.7506    0.0154  0.009947  0.008104
     15/99     1.26G   0.02524   0.01917   0.01618   0.06059        18       384    0.7862     0.797    0.8589    0.6876   0.01672    0.0101  0.009668
     16/99     1.26G   0.02492   0.01893   0.01536   0.05922        23       384    0.8834     0.908    0.9468    0.7763   0.01592  0.009296  0.005963
     17/99     1.26G   0.02401   0.01837   0.01427   0.05664        18       384    0.8821    0.9039    0.9422    0.7849   0.01515  0.008994  0.006154
     18/99     1.26G   0.02399   0.01822   0.01444   0.05666        22       384    0.8106    0.8343    0.8569    0.7028   0.01638   0.01261  0.008666
     19/99     1.26G   0.02379   0.01824   0.01396   0.05598        13       384    0.9221    0.8698    0.9545    0.8082   0.01416  0.009343  0.004546
     20/99     1.26G   0.02307   0.01766   0.01296   0.05369        11       384    0.8764    0.8789    0.9402    0.7955   0.01406  0.009632  0.006116
     21/99     1.26G   0.02267   0.01778   0.01214   0.05259        16       384    0.9106    0.9291    0.9673    0.8157   0.01402  0.008496  0.003196
     22/99     1.26G   0.02194   0.01734   0.01195   0.05124        20       384    0.8824    0.8942    0.9512    0.8069   0.01503  0.009004  0.005602
     23/99     1.26G   0.02174   0.01701   0.01075   0.04951        18       384    0.9137    0.9316    0.9617    0.7763   0.01544   0.00888  0.003163
     24/99     1.26G   0.02215   0.01709    0.0125   0.05174        27       384    0.9188    0.9291    0.9694    0.8077   0.01427  0.008703  0.003583
     25/99     1.26G   0.02115   0.01741   0.01139   0.04995        24       384    0.9268    0.9109     0.967    0.8402   0.01298  0.008829  0.004115
     26/99     1.26G   0.02051   0.01649   0.01084   0.04784        25       384    0.9074    0.9411    0.9755    0.8435   0.01253  0.008322  0.002954
     27/99     1.26G   0.02021   0.01655   0.01084    0.0476        20       384    0.9355    0.9074    0.9666    0.8404   0.01259  0.008577  0.003916
     28/99     1.26G   0.02097   0.01662   0.01067   0.04826        38       384    0.9307    0.9286    0.9736    0.8455   0.01288  0.008166  0.003074
     29/99     1.26G   0.02026   0.01627  0.009756   0.04628        21       384    0.9341    0.9522    0.9753    0.8478   0.01159  0.008282  0.002714
     30/99     1.26G   0.01953   0.01597  0.009394    0.0449        22       384    0.9274    0.9354     0.972    0.8443   0.01302   0.00825  0.003054
     31/99     1.26G   0.01974   0.01641  0.009419   0.04557        30       384    0.9402    0.9399     0.977    0.8571   0.01205  0.007678  0.002431
     32/99     1.26G   0.01934     0.016  0.009432   0.04478        29       384    0.9223    0.9501    0.9789    0.8661   0.01171  0.007896  0.002501
     33/99     1.26G   0.01937   0.01614  0.009012   0.04452        28       384    0.9172    0.8822    0.9615    0.8356   0.01237  0.008635  0.004561
     34/99     1.26G   0.01881   0.01561  0.008642   0.04305        24       384    0.9294    0.9584    0.9777    0.8691   0.01095  0.007794  0.002239
     35/99     1.26G   0.01875   0.01579   0.00855   0.04309        22       384    0.9406    0.9571    0.9789    0.8689   0.01212  0.007855  0.002037
     36/99     1.26G   0.01851   0.01587  0.008615     0.043        23       384    0.9332    0.9478    0.9765    0.8626   0.01102   0.00773  0.002858
     37/99     1.26G    0.0183   0.01545  0.007609   0.04136        19       384    0.9285    0.9711    0.9806    0.8768   0.01069  0.007458  0.001721
     38/99     1.26G   0.01813    0.0152  0.007364    0.0407        25       384    0.9416    0.9578    0.9777    0.8758    0.0107  0.007486  0.001994
     39/99     1.26G   0.01757   0.01522  0.007528   0.04032        22       384    0.9386    0.9554    0.9765    0.8695   0.01061  0.007678  0.002141
     40/99     1.26G   0.01781   0.01495   0.00802   0.04078        20       384    0.9419     0.956    0.9815    0.8808   0.01082  0.007772  0.001589
     41/99     1.26G   0.01755   0.01468  0.008348   0.04059        19       384    0.9267    0.9638    0.9782    0.8697   0.01054  0.007722  0.001551
     42/99     1.26G   0.01734   0.01498  0.007046   0.03937        32       384    0.9369    0.9558    0.9796    0.8755   0.01044  0.007597  0.002048
     43/99     1.26G   0.01709   0.01501  0.006752   0.03885        15       384    0.9619    0.9482    0.9825    0.8875   0.01004  0.007296  0.001588
     44/99     1.26G   0.01742   0.01459  0.006912   0.03891        23       384    0.9373    0.9705    0.9849    0.8877   0.01018  0.007169  0.001355
     45/99     1.26G   0.01691   0.01434  0.006495   0.03774        16       384    0.9517    0.9673    0.9862    0.8907   0.01031  0.006949  0.001367
     46/99     1.26G     0.017   0.01442  0.005794   0.03722        23       384    0.9404     0.984    0.9871    0.8971   0.01032  0.007077  0.001021
     47/99     1.26G    0.0168   0.01436  0.006456   0.03762        23       384    0.9614    0.9614    0.9862    0.8958  0.009376   0.00726  0.001193
     48/99     1.26G   0.01627     0.014  0.005503   0.03577        13       384    0.9632    0.9607    0.9878     0.897   0.00968    0.0069  0.001097
     49/99     1.26G   0.01635   0.01383  0.005652   0.03583        25       384    0.9526    0.9602    0.9846    0.8998  0.009872  0.007346  0.001374
     50/99     1.26G   0.01604   0.01386  0.005814   0.03571        23       384    0.9535     0.967    0.9869    0.8947  0.009679  0.006987   0.00123
     51/99     1.26G   0.01614   0.01447  0.005482   0.03609        21       384    0.9558    0.9561    0.9832    0.8851  0.009974  0.007152  0.001301
     52/99     1.26G   0.01557   0.01359  0.005466   0.03463        17       384    0.9493    0.9546    0.9797    0.8935  0.009673  0.007035  0.001712
     53/99     1.26G   0.01545   0.01348  0.005041   0.03397        16       384     0.948    0.9735    0.9846    0.8998  0.009438   0.00683  0.001002
     54/99     1.26G   0.01586   0.01356  0.005686    0.0351        16       384    0.9575    0.9624     0.988    0.9057  0.009025  0.006819  0.001064
     55/99     1.26G    0.0154   0.01338  0.005208   0.03399        17       384    0.9543    0.9735    0.9869    0.9011  0.009019  0.006868  0.001111
     56/99     1.26G   0.01514   0.01301  0.004837   0.03299        17       384    0.9535    0.9704    0.9851    0.8982  0.009142  0.006835  0.001232
     57/99     1.26G   0.01491   0.01304  0.004866   0.03281        28       384    0.9522     0.961    0.9861    0.9057  0.009493  0.006831 0.0008964
     58/99     1.26G   0.01483   0.01312  0.005184   0.03313        20       384    0.9351    0.9836    0.9849    0.9079   0.00906  0.006558 0.0009687
     59/99     1.26G   0.01461   0.01281  0.005007   0.03243        21       384    0.9514    0.9715    0.9871    0.9141  0.009178  0.006521  0.001028
     60/99     1.26G   0.01465   0.01285  0.005129   0.03263        22       384    0.9651    0.9655    0.9849    0.9022  0.009173  0.006609  0.001093
     61/99     1.26G   0.01457   0.01281  0.004588   0.03196        31       384     0.941    0.9768    0.9889    0.9086  0.008706  0.006539 0.0009129
     62/99     1.26G   0.01465   0.01306  0.004847   0.03256        24       384    0.9604     0.967    0.9851    0.9069  0.009487  0.006556 0.0009428
     63/99     1.26G    0.0143   0.01293  0.004865    0.0321        26       384    0.9603    0.9733    0.9847    0.9144  0.008558  0.006309 0.0009588
     64/99     1.26G   0.01449   0.01265   0.00461   0.03175        16       384    0.9453    0.9789    0.9879    0.9149  0.008933  0.006448 0.0009021
     65/99     1.26G   0.01384   0.01257   0.00443   0.03085        32       384    0.9455    0.9864    0.9869    0.9175  0.008466  0.006365 0.0008019
     66/99     1.26G   0.01394    0.0123  0.004417   0.03066        16       384    0.9387    0.9843    0.9859     0.911  0.008726  0.006453  0.001061
     67/99     1.26G   0.01393   0.01213  0.004387   0.03045        16       384    0.9578    0.9816    0.9893     0.919  0.008609  0.006299 0.0009367
     68/99     1.26G   0.01359   0.01232  0.004159   0.03006        20       384    0.9554    0.9744    0.9862    0.9156  0.008371  0.006409 0.0009386
     69/99     1.26G   0.01356   0.01254  0.004418   0.03052        25       384    0.9405    0.9847     0.986    0.9165  0.008368  0.006398 0.0009058
     70/99     1.26G   0.01326   0.01196  0.003586   0.02881        24       384    0.9608    0.9783    0.9863    0.9149  0.008413   0.00634 0.0007306
     71/99     1.26G   0.01366   0.01259  0.003885   0.03014        14       384    0.9477    0.9841    0.9882    0.9133  0.008383  0.006346  0.000803
     72/99     1.26G   0.01333   0.01221  0.003919   0.02947        28       384    0.9515     0.984    0.9869    0.9181  0.008308  0.006334 0.0007111
     73/99     1.26G   0.01322   0.01192  0.004195   0.02934        14       384    0.9667    0.9719    0.9876     0.923  0.008046  0.006123 0.0008283
     74/99     1.26G    0.0132   0.01209  0.003949   0.02924        17       384    0.9675    0.9692    0.9858    0.9171  0.008228  0.006245 0.0009139
     75/99     1.26G    0.0129   0.01212  0.003587   0.02861        23       384    0.9508    0.9908    0.9858    0.9179  0.008125  0.006185 0.0008879
     76/99     1.26G   0.01301   0.01201  0.003737   0.02875        25       384    0.9608     0.976    0.9858    0.9186  0.007994  0.006023 0.0009329
     77/99     1.26G   0.01278   0.01173   0.00344   0.02796        26       384     0.957    0.9786    0.9877    0.9224  0.008146  0.006044 0.0009554
     78/99     1.26G   0.01274   0.01168  0.003456   0.02787        27       384    0.9685    0.9727    0.9879    0.9205  0.007894  0.006042 0.0008905
     79/99     1.26G   0.01259   0.01136  0.003602   0.02756        23       384    0.9744    0.9727    0.9872    0.9231  0.008144  0.005978 0.0007308
     80/99     1.26G   0.01286   0.01158  0.003364   0.02781        24       384    0.9602    0.9855    0.9887    0.9258  0.008265  0.006164 0.0007943
     81/99     1.26G   0.01241    0.0114  0.003218   0.02703        20       384    0.9637    0.9749    0.9856     0.922  0.007953  0.006009 0.0008173
     82/99     1.26G   0.01224   0.01124  0.003479   0.02696        21       384    0.9578    0.9792    0.9873    0.9249  0.007918  0.006052 0.0008208
     83/99     1.26G   0.01231   0.01133  0.002985   0.02662        24       384    0.9584    0.9795    0.9873    0.9264  0.007824  0.006004 0.0007413
     84/99     1.26G   0.01223   0.01153  0.003142   0.02691        28       384    0.9668    0.9746    0.9886    0.9287  0.007915  0.006081 0.0008437
     85/99     1.26G   0.01225   0.01127  0.003033   0.02655        30       384    0.9643     0.979    0.9884    0.9296  0.007963  0.005982 0.0007528
     86/99     1.26G   0.01218   0.01141  0.003437   0.02703        32       384    0.9693    0.9767    0.9869    0.9267  0.007791  0.005887 0.0008385
     87/99     1.26G   0.01184   0.01133  0.002984   0.02616        18       384    0.9611    0.9836    0.9887    0.9263  0.007867  0.005908  0.000774
     88/99     1.26G   0.01196   0.01132   0.00309   0.02637        27       384    0.9588    0.9783    0.9879    0.9255  0.007841  0.005916  0.000801
     89/99     1.26G   0.01213   0.01139  0.003033   0.02655        31       384    0.9629    0.9885    0.9887    0.9267  0.007894  0.005867 0.0007543
     90/99     1.26G   0.01161   0.01089  0.002881   0.02538        29       384    0.9679    0.9768    0.9885    0.9291  0.007753  0.005813 0.0007464
     91/99     1.26G   0.01202   0.01108  0.003144   0.02625        24       384    0.9595    0.9842    0.9883    0.9254  0.007823  0.005874 0.0007102
     92/99     1.26G   0.01189   0.01107   0.00311   0.02608        10       384     0.973    0.9605    0.9889    0.9311  0.007811  0.005964 0.0007851
     93/99     1.26G    0.0117   0.01106  0.003029   0.02579        29       384    0.9579    0.9809    0.9889    0.9276  0.007631  0.005915 0.0006924
     94/99     1.26G   0.01183    0.0109  0.002647   0.02537        18       384    0.9617    0.9757      0.99    0.9294  0.007798  0.005916 0.0007283
     95/99     1.26G   0.01146   0.01067  0.002395   0.02452        13       384    0.9535    0.9903    0.9891    0.9312  0.007744  0.005871 0.0007888
     96/99     1.26G   0.01165   0.01077   0.00261   0.02503        25       384    0.9574    0.9809    0.9894    0.9281  0.007639   0.00605  0.000831
     97/99     1.26G   0.01167   0.01042  0.002907     0.025        22       384    0.9582    0.9726     0.988    0.9293  0.007808    0.0062 0.0007935
     98/99     1.26G   0.01156   0.01079  0.002679   0.02504        20       384    0.9572     0.983    0.9895    0.9341  0.007642  0.005904 0.0007513
     99/99     1.26G   0.01142   0.01058  0.002354   0.02435        14       384    0.9594    0.9766    0.9881    0.9285  0.007515  0.006056 0.0007303
