     0/149        1G    0.1181   0.03925   0.05877    0.2161        59       384  0.007789   0.08583  0.003562 0.0007666    0.1073   0.03691   0.05648
     1/149    0.988G    0.1011   0.05039   0.05725    0.2087        56       384   0.03056   0.08477    0.0209  0.006179   0.07917   0.04589   0.05485
     2/149     0.99G   0.08852   0.05636   0.05525    0.2001        58       384   0.09228    0.2496   0.07007   0.02254   0.06664   0.04627    0.0526
     3/149     0.99G   0.07658   0.05523   0.05257    0.1844        52       384    0.1346    0.4285    0.1653   0.05124   0.05682   0.03594   0.05131
     4/149     0.99G   0.06614   0.04496   0.05029    0.1614        50       384    0.1886    0.6937    0.2924    0.1378   0.04694   0.03178   0.04916
     5/149     0.99G   0.05827   0.04083    0.0478    0.1469        43       384    0.5354    0.2575    0.3279    0.1355   0.04237    0.0271   0.04667
     6/149     0.99G   0.05674   0.03774   0.04648     0.141        58       384    0.6004    0.3504    0.3479    0.1015   0.04585   0.02551   0.04343
     7/149     0.99G   0.05723   0.03516   0.04433    0.1367        52       384    0.3547    0.5542    0.3901    0.1704   0.04749   0.02386   0.04126
     8/149     0.99G     0.055   0.03734   0.04249    0.1348        40       384    0.5701    0.2454    0.2355    0.1216    0.0514   0.03422   0.04361
     9/149     0.99G   0.05492   0.03151   0.04076    0.1272        50       384    0.2451    0.6707    0.4675    0.2121   0.04232   0.02274   0.03783
    10/149     0.99G   0.05085   0.03475   0.03914    0.1247        51       384    0.5317    0.5382    0.4321    0.1825   0.04958   0.02114   0.03693
    11/149     0.99G   0.05643   0.03282   0.03809    0.1273        55       384    0.2801    0.4526    0.3675    0.1368   0.04483   0.02221   0.03585
    12/149     0.99G    0.0542   0.03222   0.03764    0.1241        50       384    0.5653    0.4611    0.4226    0.1916   0.03858   0.02233   0.03549
    13/149     0.99G   0.05257   0.03273   0.03643    0.1217        54       384    0.5536    0.6021    0.5595    0.2511   0.04333   0.01998   0.03335
    14/149     0.99G   0.05017   0.03181   0.03497    0.1169        70       384    0.3958    0.6121    0.5834    0.2548   0.04017   0.01945    0.0317
    15/149     0.99G   0.05296   0.03047   0.03472    0.1182        32       384    0.5687    0.5596     0.592    0.3088   0.04868   0.01964   0.03132
    16/149     0.99G   0.05363   0.03008   0.03278    0.1165        41       384    0.5162    0.6884    0.6057    0.2401   0.04804   0.01962   0.02825
    17/149     0.99G   0.05059   0.02943   0.03185    0.1119        60       384      0.53    0.6434    0.5996    0.2388   0.04171   0.01893   0.02598
    18/149     0.99G   0.04996   0.03042   0.02971    0.1101        61       384     0.641    0.6809    0.6772    0.3384    0.0361   0.01848   0.02404
    19/149     0.99G    0.0536   0.02828   0.02885    0.1107        36       384    0.6772    0.6032    0.6893    0.3772   0.04222   0.02007   0.02366
    20/149     0.99G   0.05078   0.02926   0.02899     0.109        48       384    0.5067     0.691    0.5895    0.2814   0.03785   0.01933   0.02426
    21/149     0.99G   0.04973   0.02929   0.02584    0.1049        60       384    0.5361    0.7662    0.6048    0.2129   0.04808   0.01842   0.02106
    22/149     0.99G   0.05213   0.02881   0.02574    0.1067        65       384    0.4865    0.8371    0.7574    0.3817   0.04068   0.01852   0.01972
    23/149     0.99G   0.04798   0.02789   0.02363    0.0995        50       384    0.4201    0.6265    0.4255    0.1588   0.05806   0.02027   0.01921
    24/149     0.99G   0.05916   0.02794   0.02482    0.1119        62       384    0.6763    0.5836    0.6237    0.3021   0.04642   0.01914   0.01935
    25/149     0.99G   0.05222    0.0284   0.02344    0.1041        51       384    0.5736    0.7469    0.6974    0.3351   0.04181   0.01847   0.01775
    26/149     0.99G     0.047   0.02789   0.02069   0.09558        53       384    0.4941    0.8326    0.7748    0.3608   0.04366    0.0188   0.01516
    27/149     0.99G   0.04989   0.02637   0.01883   0.09509        51       384    0.6091    0.8749    0.8457    0.4219   0.03933     0.018   0.01226
    28/149     0.99G   0.05451   0.02545   0.01857   0.09853        58       384    0.7762    0.6615    0.7335    0.3373   0.04425   0.01798   0.01353
    29/149     0.99G   0.04943    0.0287   0.01899   0.09712        66       384    0.5773    0.8287    0.8277      0.34   0.04228   0.01923   0.01406
    30/149     0.99G   0.04334    0.0276   0.01737   0.08831        53       384    0.4998    0.6503    0.6061    0.3436   0.03525   0.02435   0.02128
    31/149     0.99G   0.04596   0.02882   0.01554   0.09032        60       384    0.5719    0.8509    0.7609    0.3911   0.03558   0.01964   0.01237
    32/149     0.99G   0.04375   0.02838   0.01576   0.08789        62       384    0.6101    0.9045    0.8971     0.523   0.03324    0.0174   0.01017
    33/149     0.99G   0.04117   0.02552   0.01514   0.08183        55       384    0.7603    0.7999     0.875    0.4817   0.03258   0.01873    0.0149
    34/149     0.99G    0.0397   0.02596   0.01337   0.07904        56       384    0.9417     0.913    0.9714    0.6369   0.02789   0.01759   0.00942
    35/149     0.99G   0.03774   0.02444   0.01267   0.07486        38       384    0.6214    0.7525    0.7942    0.4526   0.03544   0.02301   0.02091
    36/149     0.99G   0.03809    0.0248   0.01245   0.07534        51       384    0.8466    0.8973    0.9468    0.6551   0.02486   0.01654  0.008067
    37/149     0.99G   0.03871   0.02629    0.0114   0.07641        54       384    0.8879    0.8718    0.9356    0.5548   0.03143   0.01623  0.007248
    38/149     0.99G    0.0353   0.02458    0.0108   0.07068        45       384     0.797    0.9944    0.9782    0.6093   0.03101   0.01697  0.006385
    39/149     0.99G   0.03663   0.02409  0.009843   0.07056        43       384    0.9248    0.9521    0.9665    0.6887   0.02358   0.01594  0.006359
    40/149     0.99G   0.03676   0.02624  0.009695   0.07269        51       384    0.9129    0.9812    0.9826    0.6945   0.02288   0.01589  0.006243
    41/149     0.99G   0.03184    0.0241  0.008714   0.06465        61       384    0.8385    0.9944    0.9752    0.6481   0.02791   0.01577  0.004825
    42/149     0.99G   0.03308   0.02394  0.008657   0.06568        55       384    0.8745    0.9859    0.9786    0.6804   0.02743   0.01549  0.005003
    43/149     0.99G   0.03237   0.02378  0.008471   0.06462        52       384     0.943    0.9349    0.9815    0.6327   0.02855   0.01524  0.004492
    44/149     0.99G   0.03248   0.02354  0.008243   0.06426        38       384    0.9909    0.9865    0.9951    0.6598   0.02736   0.01526  0.004748
    45/149     0.99G   0.03535   0.02352  0.007155   0.06602        57       384    0.9344    0.9917    0.9933     0.654   0.03017   0.01598  0.003969
    46/149     0.99G    0.0336   0.02422  0.006585    0.0644        54       384    0.9319    0.9736    0.9874    0.7511    0.0228     0.015  0.004055
    47/149     0.99G   0.02923   0.02239  0.007317   0.05893        75       384    0.9791    0.9742    0.9902    0.6873   0.02345   0.01543  0.004875
    48/149     0.99G   0.03039   0.02289  0.007127   0.06041        40       384    0.9737    0.9795    0.9923      0.76   0.02174   0.01535  0.004068
    49/149     0.99G   0.03058   0.02286  0.007117   0.06055        59       384    0.9406    0.9788    0.9812     0.742   0.02171   0.01561  0.005696
    50/149     0.99G   0.02757   0.02134  0.006238   0.05515        48       384    0.9852    0.9951    0.9946    0.7864   0.01978   0.01377  0.003441
    51/149     0.99G   0.02996   0.02284   0.00594   0.05873        61       384    0.9966    0.9987    0.9954    0.7547   0.02109   0.01382    0.0035
    52/149     0.99G     0.027   0.02171   0.00628   0.05499        63       384    0.9928    0.9773    0.9883    0.7319   0.02074   0.01416  0.003579
    53/149     0.99G   0.02651   0.02143  0.006076   0.05401        45       384    0.9926    0.9959    0.9954    0.8003   0.01807   0.01363  0.003624
    54/149     0.99G   0.02816   0.02202  0.005835   0.05602        66       384    0.9814    0.9944    0.9955      0.72   0.02523   0.01461  0.002941
    55/149     0.99G   0.02991   0.02364  0.005885   0.05944        63       384    0.9888     0.994    0.9953    0.8176   0.01812   0.01416   0.00322
    56/149     0.99G   0.02618   0.02224  0.006087   0.05451        61       384    0.9948    0.9891    0.9952    0.7394   0.01863   0.01366  0.003465
    57/149     0.99G   0.02789   0.02178  0.005655   0.05532        36       384    0.9852         1    0.9953    0.8028   0.01912    0.0137  0.002807
    58/149     0.99G   0.02716   0.02091  0.005562   0.05363        50       384    0.9892    0.9948    0.9951      0.77   0.02057   0.01389  0.002854
    59/149     0.99G   0.02501   0.02217   0.00561   0.05279        79       384    0.9882    0.9963    0.9947    0.8271   0.01635   0.01344  0.002618
    60/149     0.99G   0.02293   0.02061  0.005379   0.04892        47       384    0.9974         1    0.9955     0.809   0.01789   0.01324  0.002587
    61/149     0.99G   0.02558   0.02057  0.005311   0.05146        51       384    0.9901      0.99    0.9944    0.8357   0.01784   0.01409  0.002996
    62/149     0.99G    0.0245   0.02141  0.005367   0.05128        41       384    0.9982    0.9902    0.9955    0.8241   0.01629   0.01329  0.002594
    63/149     0.99G   0.02598   0.02162  0.005277   0.05287        47       384    0.9921    0.9882    0.9952    0.8067   0.01908    0.0139  0.002748
    64/149     0.99G   0.02534   0.02142  0.005089   0.05185        40       384    0.9993    0.9938    0.9955    0.8451   0.01769   0.01297  0.002332
    65/149     0.99G   0.02299   0.02026  0.004709   0.04796        64       384    0.9962     0.982     0.995    0.8224   0.01763   0.01366  0.002485
    66/149     0.99G   0.02382   0.02089  0.005148   0.04986        51       384     0.993    0.9946    0.9952    0.7949   0.01823    0.0135  0.002429
    67/149     0.99G   0.02268   0.02012  0.004601    0.0474        54       384    0.9984    0.9957    0.9955     0.839   0.01486   0.01322  0.002363
    68/149     0.99G   0.02235   0.02135  0.004482   0.04818        64       384    0.9983    0.9976    0.9955    0.7908   0.01868   0.01352  0.002305
    69/149     0.99G   0.02197   0.01949  0.004791   0.04625        45       384    0.9984    0.9917    0.9955    0.7955   0.01774    0.0131  0.002283
    70/149     0.99G   0.02376   0.02109  0.004643   0.04949        74       384    0.9975    0.9945    0.9955    0.7844   0.01736   0.01258  0.002202
    71/149     0.99G   0.02373   0.02167  0.004841   0.05024        46       384     0.996         1    0.9956    0.8452   0.01474   0.01219  0.002327
    72/149     0.99G   0.02398   0.01948  0.004224   0.04768        44       384    0.9977    0.9918    0.9954     0.791    0.0172   0.01309  0.002416
    73/149     0.99G   0.02192   0.02009  0.004302   0.04631        50       384     0.998         1    0.9956    0.8195   0.01711   0.01311  0.002163
    74/149     0.99G   0.02293   0.02064  0.004347   0.04792        59       384    0.9965    0.9998    0.9956    0.8308   0.01655   0.01252  0.002165
    75/149     0.99G   0.02091   0.01975  0.004053   0.04471        63       384     0.997         1    0.9956    0.8323   0.01447   0.01224  0.002112
    76/149     0.99G   0.02137   0.01956  0.004528   0.04546        52       384    0.9986         1    0.9956    0.8332   0.01643   0.01259  0.002144
    77/149     0.99G   0.02096   0.01994  0.003912   0.04481        48       384    0.9959    0.9994    0.9956    0.8263   0.01567   0.01211  0.002139
    78/149     0.99G   0.02376   0.02075  0.004414   0.04892        52       384    0.9988     0.996    0.9956    0.8315   0.01519   0.01233  0.002068
    79/149     0.99G   0.02287    0.0202  0.004168   0.04725        57       384    0.9986    0.9965    0.9956    0.8373   0.01658   0.01258  0.002073
    80/149     0.99G   0.02252   0.02005  0.004069   0.04664        52       384    0.9994    0.9955    0.9956    0.8501   0.01564   0.01268  0.001928
    81/149     0.99G   0.02186   0.02007  0.003789   0.04571        42       384    0.9984    0.9965    0.9956    0.8672   0.01338   0.01184  0.001916
    82/149     0.99G   0.02124   0.01931  0.004078   0.04463        68       384    0.9973    0.9987    0.9956    0.8717   0.01299   0.01202  0.001883
    83/149     0.99G   0.01971   0.01858  0.003405   0.04169        74       384    0.9962         1    0.9956    0.8523    0.0147   0.01226  0.001839
    84/149     0.99G   0.01892   0.01805    0.0037   0.04068        66       384    0.9972    0.9952    0.9956    0.8616   0.01419   0.01229  0.001812
    85/149     0.99G    0.0199   0.01953  0.003639   0.04308        75       384    0.9885    0.9976    0.9954    0.8615   0.01384   0.01214  0.001811
    86/149     0.99G   0.02064   0.01895  0.003883   0.04348        64       384     0.999    0.9987    0.9956    0.8583   0.01423     0.012  0.001825
    87/149     0.99G   0.01977   0.01879  0.003851   0.04241        43       384    0.9981         1    0.9956    0.8528   0.01529   0.01179  0.001828
    88/149     0.99G   0.02017   0.01959  0.003706   0.04346        57       384    0.9982    0.9963    0.9956    0.8562   0.01525   0.01241  0.001923
    89/149     0.99G   0.01886   0.01845  0.003654   0.04096        62       384     0.997         1    0.9956    0.8637   0.01358   0.01186  0.001885
    90/149     0.99G   0.01893   0.01832  0.003579   0.04083        45       384    0.9978         1    0.9956    0.8566   0.01369   0.01189  0.001778
    91/149     0.99G   0.01899   0.01847  0.003624   0.04108        67       384    0.9985    0.9978    0.9955     0.878    0.0125   0.01156  0.001703
    92/149     0.99G   0.01699   0.01799  0.003384   0.03836        53       384    0.9969    0.9975    0.9956    0.8642   0.01214   0.01184  0.001577
    93/149     0.99G   0.01738    0.0178  0.003316   0.03849        72       384     0.999         1    0.9956    0.8826    0.0125   0.01116  0.001486
    94/149     0.99G   0.01879   0.01753  0.003139   0.03946        39       384    0.9981         1    0.9956    0.8709   0.01239   0.01125  0.001516
    95/149     0.99G   0.01839   0.01757  0.003131    0.0391        59       384    0.9989         1    0.9957    0.8786    0.0115   0.01091  0.001566
    96/149     0.99G   0.01826   0.01833  0.003275   0.03986        53       384    0.9909         1    0.9955    0.8719   0.01258    0.0112  0.001604
    97/149     0.99G   0.01971   0.01836  0.003304   0.04137        60       384     0.996    0.9994    0.9957    0.8698   0.01229    0.0113  0.001623
    98/149     0.99G   0.01698   0.01771  0.002873   0.03756        38       384     0.998    0.9999    0.9957     0.869   0.01196   0.01135  0.001582
    99/149     0.99G   0.01775   0.01833  0.003088   0.03917        59       384    0.9987         1    0.9957    0.8794     0.011   0.01113  0.001523
   100/149     0.99G   0.01647    0.0171  0.002836   0.03641        53       384     0.996         1    0.9957     0.838   0.01222   0.01127  0.001452
   101/149     0.99G   0.01708   0.01723   0.00296   0.03728        50       384    0.9974    0.9999    0.9957    0.8682   0.01274   0.01144  0.001397
   102/149     0.99G   0.01778   0.01738  0.002698   0.03786        59       384    0.9992    0.9939    0.9957    0.8704   0.01228   0.01112  0.001408
   103/149     0.99G   0.01694   0.01781  0.002622   0.03737        70       384    0.9978         1    0.9957    0.8623   0.01207   0.01133  0.001403
   104/149     0.99G   0.01767   0.01722  0.002812    0.0377        66       384     0.998         1    0.9957    0.8744   0.01169   0.01097  0.001446
   105/149     0.99G    0.0159   0.01704  0.003256    0.0362        52       384    0.9971    0.9963    0.9957    0.8759   0.01156    0.0109  0.001426
   106/149     0.99G   0.01632    0.0177  0.002725   0.03674        40       384    0.9931         1    0.9955    0.8734   0.01129   0.01079  0.001384
   107/149     0.99G    0.0158   0.01724  0.003186   0.03622        55       384     0.993         1    0.9957    0.8861   0.01147    0.0107  0.001343
   108/149     0.99G   0.01615   0.01649  0.002635   0.03527        46       384    0.9931         1    0.9955    0.8692   0.01205   0.01106  0.001303
   109/149     0.99G   0.01582    0.0174  0.002765   0.03598        51       384    0.9915         1    0.9955    0.8744   0.01128   0.01107  0.001267
   110/149     0.99G   0.01561   0.01676  0.002588   0.03496        62       384    0.9973    0.9985    0.9956    0.8938   0.01041   0.01049  0.001231
   111/149     0.99G   0.01668   0.01797  0.002694   0.03734        79       384    0.9951         1    0.9957    0.8809   0.01123   0.01106  0.001225
   112/149     0.99G   0.01676   0.01724  0.002713   0.03671        56       384    0.9968    0.9972    0.9957    0.8819   0.01209   0.01124  0.001229
   113/149     0.99G   0.01556   0.01648  0.002422   0.03447        49       384    0.9989    0.9978    0.9957    0.8948   0.01049   0.01048  0.001218
   114/149     0.99G   0.01461   0.01558  0.002283   0.03246        47       384    0.9993    0.9957    0.9957    0.8915   0.01064   0.01058  0.001197
   115/149     0.99G   0.01483   0.01633  0.002506   0.03366        46       384    0.9928         1    0.9957    0.8943   0.01072   0.01055  0.001176
   116/149     0.99G   0.01441   0.01581  0.002592   0.03282        49       384    0.9992     0.999    0.9957    0.8956   0.01085   0.01084  0.001133
   117/149     0.99G   0.01502   0.01564  0.002408   0.03307        50       384     0.999    0.9999    0.9957    0.8832   0.01129   0.01082  0.001097
   118/149     0.99G    0.0157   0.01711  0.002673   0.03548        70       384    0.9974         1    0.9957    0.8971   0.01054   0.01045  0.001104
   119/149     0.99G   0.01519    0.0166   0.00275   0.03453        71       384    0.9983    0.9972    0.9957    0.8926    0.0106   0.01062  0.001127
   120/149     0.99G   0.01578    0.0155  0.002377   0.03365        57       384    0.9976    0.9989    0.9957    0.8885   0.01043   0.01056  0.001171
   121/149     0.99G   0.01431   0.01558  0.002729   0.03262        59       384    0.9915         1    0.9957    0.8877   0.01096   0.01059  0.001148
   122/149     0.99G   0.01424   0.01507  0.002228   0.03154        65       384    0.9903         1    0.9957    0.9008  0.009908   0.01015  0.001106
   123/149     0.99G   0.01478   0.01649  0.002491   0.03376        50       384    0.9992    0.9928    0.9957    0.8994   0.01015   0.01052  0.001081
   124/149     0.99G   0.01478   0.01539  0.002379   0.03255        48       384    0.9986    0.9989    0.9957    0.8985   0.01026   0.01038  0.001048
   125/149     0.99G   0.01406   0.01483  0.002471   0.03136        56       384    0.9992    0.9972    0.9957    0.8983   0.00989   0.01023  0.001018
   126/149     0.99G   0.01399   0.01558  0.002383   0.03195        52       384     0.998    0.9968    0.9957    0.9012   0.01002   0.01036 0.0009957
   127/149     0.99G   0.01426   0.01614  0.002146   0.03255        66       384    0.9987    0.9972    0.9957    0.8981  0.009761   0.01039 0.0009654
   128/149     0.99G   0.01463   0.01545  0.002226   0.03231        40       384    0.9983    0.9983    0.9957    0.8976   0.01071   0.01078 0.0009493
   129/149     0.99G   0.01419   0.01537  0.001883   0.03145        53       384    0.9991    0.9999    0.9957    0.8966   0.01003   0.01039 0.0009344
   130/149     0.99G   0.01416   0.01523  0.001938   0.03133        51       384    0.9988         1    0.9957    0.8991   0.01055   0.01052 0.0009396
   131/149     0.99G   0.01419    0.0155  0.002231   0.03193        46       384    0.9984         1    0.9957    0.8944  0.009742   0.01018 0.0009354
   132/149     0.99G   0.01378   0.01598  0.002217   0.03198        65       384    0.9983         1    0.9957    0.8959  0.009984   0.01018 0.0009312
   133/149     0.99G   0.01374   0.01534  0.002467   0.03155        56       384    0.9991         1    0.9957    0.8917    0.0102   0.01021 0.0009173
   134/149     0.99G   0.01368   0.01522  0.002305   0.03121        72       384     0.998         1    0.9957    0.8931  0.009614   0.01002 0.0008986
   135/149     0.99G   0.01419   0.01548  0.002387   0.03206        44       384    0.9975         1    0.9957    0.8934   0.01026    0.0103  0.000893
   136/149     0.99G   0.01403   0.01512  0.002005   0.03115        45       384    0.9962         1    0.9957    0.8944  0.009696   0.01025 0.0008906
   137/149     0.99G   0.01312   0.01578  0.002336   0.03124        59       384    0.9977    0.9977    0.9957    0.8934  0.009923   0.01041 0.0008771
   138/149     0.99G   0.01329   0.01574  0.002046   0.03107        35       384    0.9992    0.9938    0.9957    0.9027  0.009501   0.01019 0.0008726
   139/149     0.99G   0.01336   0.01593    0.0019   0.03119        71       384    0.9948    0.9991    0.9957    0.9059  0.009557  0.009985  0.000859
   140/149     0.99G   0.01314   0.01514  0.002132   0.03041        56       384    0.9987    0.9995    0.9957    0.8999   0.00949    0.0101 0.0008365
   141/149     0.99G   0.01302   0.01475  0.001875   0.02964        40       384    0.9986    0.9974    0.9957    0.9006  0.009763   0.01024 0.0008178
   142/149     0.99G   0.01332   0.01462  0.001778   0.02971        35       384    0.9987    0.9966    0.9957    0.9003  0.009697   0.01021 0.0007982
   143/149     0.99G   0.01353   0.01569  0.002004   0.03122        60       384    0.9954         1    0.9957    0.9039  0.009804   0.01013 0.0007919
   144/149     0.99G   0.01346   0.01489  0.001954   0.03031        60       384    0.9961         1    0.9957    0.9047  0.009808   0.01007 0.0007935
   145/149     0.99G   0.01351   0.01567  0.002314    0.0315        60       384    0.9972    0.9974    0.9957    0.9069  0.009608  0.009898 0.0007985
   146/149     0.99G    0.0132   0.01544  0.002053   0.03069        55       384     0.996         1    0.9957    0.9037  0.009578  0.009975 0.0008086
   147/149     0.99G   0.01372   0.01507  0.001903    0.0307        48       384    0.9961         1    0.9957    0.9006  0.009608  0.009983 0.0008133
   148/149     0.99G   0.01313   0.01491  0.001926   0.02997        62       384    0.9976         1    0.9957    0.8998   0.00926      0.01 0.0008138
   149/149     0.99G   0.01282   0.01394  0.002014   0.02877        58       384     0.997         1    0.9957    0.9016  0.009453   0.01008 0.0007998
