     0/199     1.63G   0.08102   0.03925   0.05202    0.1723        53       384  0.009903    0.2332  0.007702  0.001434   0.05496   0.02658   0.04235
     1/199     1.27G   0.06884   0.03921   0.05059    0.1586        56       384   0.08635    0.2426   0.04832   0.01257   0.05794   0.02156    0.0427
     2/199     1.27G   0.05447   0.03671   0.05001    0.1412        52       384    0.1593    0.4299    0.1546   0.05438   0.04092   0.02095   0.03959
     3/199     1.27G   0.04557   0.03384   0.04833    0.1277        61       384    0.2536    0.4506    0.2559    0.1114   0.03424   0.01789   0.03666
     4/199     1.27G   0.04098   0.03158   0.04666    0.1192        59       384    0.2368    0.6176    0.2773    0.1578   0.02695   0.01621   0.03605
     5/199     1.27G   0.03825   0.02999   0.04517    0.1134        50       384    0.2695    0.6102    0.3384    0.1913   0.02584   0.01543    0.0342
     6/199     1.27G   0.03661   0.02903   0.04409    0.1097        54       384    0.2651    0.6389    0.3328    0.1807   0.02631   0.01553   0.03663
     7/199     1.27G   0.03514   0.02858   0.04256    0.1063        50       384    0.3157    0.6891    0.4338    0.2778   0.02384   0.01486   0.03117
     8/199     1.27G    0.0343   0.02811   0.04124    0.1036        43       384    0.3865    0.6455     0.491    0.3167   0.02184   0.01393   0.02969
     9/199     1.27G   0.03338   0.02766   0.03984    0.1009        76       384    0.4363    0.6301    0.5405    0.3469   0.02234   0.01358    0.0277
    10/199     1.27G   0.03281   0.02723   0.03857    0.0986        64       384    0.4311    0.6473    0.5461    0.3591   0.02184   0.01347   0.02778
    11/199     1.27G   0.03227   0.02678   0.03769   0.09674        46       384    0.5008    0.5549    0.5267    0.3312   0.02299    0.0137   0.02748
    12/199     1.27G   0.03176   0.02665   0.03641   0.09482        51       384    0.5319    0.6207    0.6132    0.4266   0.02015   0.01314   0.02472
    13/199     1.27G    0.0316   0.02685   0.03525    0.0937        53       384    0.5716    0.6539    0.6609    0.4554   0.02004   0.01252   0.02323
    14/199     1.27G   0.03113   0.02596   0.03432   0.09141        60       384    0.5965    0.6566    0.6672     0.463    0.0201   0.01281   0.02284
    15/199     1.27G   0.03101   0.02605    0.0333   0.09037        65       384    0.6014    0.6856    0.6884    0.4723   0.02003   0.01287   0.02116
    16/199     1.27G   0.03038   0.02582   0.03261   0.08881        71       384    0.6686    0.6562    0.7234    0.5088   0.01955   0.01189    0.0205
    17/199     1.27G   0.03015   0.02549   0.03196    0.0876        53       384    0.6351    0.6861    0.7084    0.4976   0.01907   0.01224   0.02163
    18/199     1.27G   0.03002   0.02565   0.03084   0.08652        64       384    0.6133    0.6758    0.6949    0.4955   0.01901   0.01227   0.02063
    19/199     1.27G   0.02985   0.02518   0.02988    0.0849        59       384    0.6485    0.6688    0.7166    0.5036   0.01974   0.01251   0.01995
    20/199     1.27G    0.0296   0.02534   0.02925   0.08419        55       384     0.691    0.7396    0.7771    0.5544   0.01894   0.01202   0.01658
    21/199     1.27G   0.02925     0.025   0.02917   0.08342        51       384    0.6751    0.7025    0.7678    0.5537   0.01845   0.01196    0.0171
    22/199     1.27G   0.02884   0.02489   0.02845   0.08218        64       384    0.6898    0.7414    0.7828    0.5589   0.01866   0.01184   0.01684
    23/199     1.27G   0.02895   0.02494   0.02792   0.08181        63       384    0.7165    0.7451    0.8004    0.5778   0.01806   0.01179   0.01569
    24/199     1.27G   0.02846   0.02466   0.02702   0.08013        54       384    0.7531    0.7477    0.8178    0.5975   0.01802   0.01147   0.01457
    25/199     1.27G   0.02872    0.0247   0.02652   0.07994        64       384    0.7546    0.7449      0.82    0.5968   0.01833   0.01157   0.01481
    26/199     1.27G   0.02834   0.02444   0.02582    0.0786        70       384    0.7796    0.7563    0.8338    0.6107   0.01784   0.01138   0.01402
    27/199     1.27G     0.028    0.0244   0.02539   0.07779        60       384    0.7543    0.7756    0.8296    0.6021    0.0179   0.01147   0.01401
    28/199     1.27G   0.02811   0.02427    0.0252   0.07757        53       384    0.7804    0.7803    0.8511    0.6256   0.01747   0.01131   0.01297
    29/199     1.27G   0.02803   0.02424   0.02473     0.077        46       384    0.7804    0.7743    0.8523     0.632   0.01757   0.01121   0.01248
    30/199     1.27G   0.02729   0.02416   0.02434   0.07579        53       384    0.7541    0.7854    0.8361    0.6171     0.018   0.01137   0.01367
    31/199     1.27G   0.02776   0.02376    0.0238   0.07533        43       384    0.7635    0.7781    0.8356    0.6002   0.01868   0.01138   0.01433
    32/199     1.27G   0.02721   0.02356    0.0235   0.07427        53       384    0.8066    0.7868    0.8696     0.645    0.0173   0.01108   0.01209
    33/199     1.27G   0.02725   0.02394   0.02249   0.07368        60       384    0.7763    0.7934    0.8611    0.6415   0.01682   0.01087   0.01155
    34/199     1.27G   0.02676   0.02365   0.02296   0.07337        51       384    0.8117    0.7955    0.8736    0.6572    0.0168    0.0108  0.009928
    35/199     1.27G   0.02689   0.02348   0.02277   0.07315        60       384    0.8091    0.8008    0.8812    0.6614   0.01683   0.01081   0.01052
    36/199     1.27G   0.02668   0.02332   0.02182   0.07182        80       384    0.8024    0.8363    0.8895     0.675   0.01653   0.01058   0.01038
    37/199     1.27G   0.02651   0.02337   0.02181   0.07169        61       384    0.8534    0.7897    0.8938    0.6744   0.01668   0.01078  0.008869
    38/199     1.27G   0.02646   0.02322   0.02159   0.07126        51       384    0.8262    0.8438    0.9066    0.6827   0.01665   0.01069  0.009451
    39/199     1.27G   0.02636   0.02328   0.02116   0.07079        55       384    0.8159    0.8094    0.8737    0.6457    0.0175   0.01084   0.01057
    40/199     1.27G   0.02631   0.02339   0.02041   0.07011        56       384    0.8204    0.8268    0.8969    0.6879   0.01608   0.01054  0.009225
    41/199     1.27G    0.0262   0.02318   0.02046   0.06984        67       384    0.8462    0.8089    0.8999    0.6808   0.01654   0.01044  0.008805
    42/199     1.27G   0.02633   0.02287   0.02074   0.06993        51       384    0.8777    0.8322    0.9196    0.6963   0.01641    0.0104  0.007739
    43/199     1.27G   0.02628   0.02323   0.02024   0.06975        59       384    0.8388    0.8531    0.9167    0.7001   0.01634   0.01036  0.007777
    44/199     1.27G   0.02599   0.02283   0.02024   0.06907        68       384    0.8949    0.8434    0.9286    0.7163   0.01603   0.01011  0.006726
    45/199     1.27G   0.02568   0.02284    0.0197   0.06821        62       384    0.8446    0.8798    0.9255    0.7132   0.01577   0.01015  0.007104
    46/199     1.27G   0.02568   0.02259   0.01951   0.06778        66       384    0.8732    0.8662     0.929    0.7061    0.0163   0.01012  0.007043
    47/199     1.27G   0.02552   0.02276   0.01917   0.06745        66       384    0.8727    0.8901    0.9392    0.7266   0.01575   0.01006  0.005833
    48/199     1.27G   0.02568    0.0227   0.01875   0.06713        53       384    0.8649    0.8849    0.9375    0.7256    0.0156   0.01003  0.005596
    49/199     1.27G   0.02563   0.02258   0.01924   0.06745        41       384    0.9049    0.8542    0.9398    0.7292   0.01545  0.009972  0.006418
    50/199     1.27G   0.02549   0.02247   0.01885   0.06681        63       384    0.8761    0.8615    0.9332    0.7258   0.01541  0.009972  0.006484
    51/199     1.27G   0.02491   0.02233   0.01856    0.0658        53       384    0.8813    0.8723     0.938    0.7295   0.01547  0.009965   0.00611
    52/199     1.27G   0.02528   0.02235   0.01809   0.06571        54       384    0.9008    0.8813    0.9468    0.7394   0.01519  0.009849  0.005299
    53/199     1.27G   0.02493   0.02209   0.01812   0.06514        45       384    0.8792    0.8984    0.9457    0.7394   0.01512  0.009799  0.005209
    54/199     1.27G   0.02484   0.02252   0.01676   0.06412        54       384    0.9024    0.8741    0.9464     0.743   0.01495  0.009729   0.00515
    55/199     1.27G   0.02476   0.02217   0.01731   0.06424        50       384    0.8887    0.8925    0.9489    0.7424   0.01506  0.009661  0.004911
    56/199     1.27G   0.02476   0.02166   0.01747    0.0639        47       384    0.9021    0.8879    0.9524    0.7494   0.01508  0.009547  0.004705
    57/199     1.27G    0.0248   0.02164   0.01704   0.06347        52       384    0.8876    0.9045    0.9532    0.7482   0.01509  0.009572  0.004401
    58/199     1.27G   0.02467    0.0218   0.01675   0.06322        52       384     0.906     0.905    0.9546    0.7504   0.01494   0.00955  0.004241
    59/199     1.27G   0.02446   0.02206   0.01686   0.06339        59       384    0.8895    0.9122    0.9548    0.7552   0.01478  0.009472  0.004217
    60/199     1.27G   0.02448   0.02216    0.0164   0.06304        62       384    0.9076    0.9034    0.9576    0.7557   0.01482  0.009551  0.003927
    61/199     1.27G   0.02459   0.02184   0.01644   0.06287        64       384    0.8939     0.911    0.9545    0.7523   0.01461  0.009469  0.004006
    62/199     1.27G   0.02422   0.02187   0.01666   0.06275        73       384     0.914    0.8968    0.9575    0.7582    0.0146  0.009417  0.004042
    63/199     1.27G   0.02419   0.02151   0.01636   0.06206        70       384    0.8942    0.9172      0.96    0.7592   0.01446  0.009362   0.00395
    64/199     1.27G    0.0242   0.02155   0.01597   0.06172        69       384    0.9035    0.9185    0.9591    0.7608   0.01452  0.009343  0.003301
    65/199     1.27G   0.02418   0.02144   0.01578    0.0614        57       384    0.9119    0.9163     0.962    0.7632   0.01434  0.009286  0.003354
    66/199     1.27G   0.02393   0.02143   0.01578   0.06114        54       384    0.9104    0.9179    0.9624    0.7684   0.01428  0.009234  0.003363
    67/199     1.27G   0.02397   0.02147    0.0154   0.06084        60       384    0.8973    0.9329    0.9648     0.769   0.01428  0.009254  0.003407
    68/199     1.27G   0.02352   0.02099   0.01539    0.0599        37       384    0.9161    0.9144    0.9645    0.7746    0.0142  0.009152  0.003209
    69/199     1.27G    0.0237   0.02147    0.0154   0.06057        55       384    0.9155    0.9251    0.9654    0.7726   0.01417   0.00914  0.003072
    70/199     1.27G   0.02363   0.02119   0.01537   0.06018        46       384    0.9028    0.9297    0.9661    0.7724   0.01414  0.009151   0.00335
    71/199     1.27G   0.02371   0.02129   0.01477   0.05977        46       384    0.9167    0.9194    0.9661    0.7789   0.01403  0.009079  0.003075
    72/199     1.27G   0.02341   0.02089   0.01457   0.05886        49       384    0.9115    0.9281    0.9667    0.7793   0.01406  0.009059   0.00275
    73/199     1.27G   0.02337   0.02096   0.01436    0.0587        52       384    0.9022    0.9422    0.9706    0.7814   0.01393  0.009011  0.002407
    74/199     1.27G   0.02334   0.02088   0.01456   0.05877        48       384    0.9163    0.9383    0.9704    0.7833   0.01383  0.008905  0.002392
    75/199     1.27G   0.02322   0.02106   0.01453   0.05882        45       384    0.9266    0.9249    0.9711    0.7826    0.0139  0.008884  0.002659
    76/199     1.27G   0.02329    0.0209   0.01409   0.05828        57       384    0.9271    0.9384    0.9721     0.786   0.01397  0.008814  0.002482
    77/199     1.27G   0.02345   0.02093    0.0142   0.05858        49       384    0.9232    0.9316    0.9718    0.7842   0.01383  0.008862  0.002187
    78/199     1.27G   0.02317   0.02085   0.01396   0.05798        47       384    0.9295    0.9317    0.9729    0.7895   0.01358  0.008824  0.002234
    79/199     1.27G   0.02316   0.02092   0.01364   0.05772        59       384    0.9198    0.9407    0.9733    0.7904   0.01349  0.008769    0.0026
    80/199     1.27G   0.02302   0.02071    0.0135   0.05723        65       384    0.9172    0.9459    0.9734    0.7907   0.01368  0.008749  0.002458
    81/199     1.27G   0.02309   0.02052   0.01394   0.05755        52       384    0.9229    0.9422    0.9741     0.791   0.01361  0.008744  0.002276
    82/199     1.27G   0.02301   0.02052   0.01384   0.05738        42       384    0.9303    0.9398    0.9742    0.7919   0.01356  0.008712  0.001984
    83/199     1.27G   0.02287   0.02036   0.01369   0.05692        66       384    0.9264    0.9435    0.9738    0.7936   0.01337  0.008694  0.002156
    84/199     1.27G   0.02277   0.02049   0.01341   0.05666        60       384    0.9279    0.9464    0.9754    0.7927   0.01339  0.008646  0.002232
    85/199     1.27G    0.0226   0.02014   0.01313   0.05587        56       384     0.934    0.9402    0.9754    0.7941    0.0133  0.008642  0.002276
    86/199     1.27G   0.02255   0.02052   0.01294   0.05601        45       384    0.9252    0.9486    0.9759     0.796   0.01328    0.0086  0.002111
    87/199     1.27G    0.0225    0.0203   0.01304   0.05584        64       384    0.9273    0.9469    0.9771    0.7967   0.01323  0.008559  0.002027
    88/199     1.27G   0.02238   0.02037   0.01222   0.05497        73       384    0.9277    0.9491    0.9768    0.7964   0.01317  0.008528  0.002276
    89/199     1.27G    0.0223   0.02004   0.01241   0.05474        49       384    0.9276     0.955    0.9772    0.7991   0.01316  0.008462   0.00183
    90/199     1.27G   0.02233   0.02017   0.01263   0.05513        53       384    0.9204    0.9561     0.976    0.7988   0.01319  0.008472  0.001921
    91/199     1.27G   0.02229   0.02012   0.01242   0.05483        40       384    0.9321      0.95    0.9767    0.8004   0.01322  0.008413  0.001798
    92/199     1.27G   0.02222   0.02008   0.01276   0.05506        52       384    0.9311    0.9552    0.9778    0.8015   0.01317  0.008402   0.00167
    93/199     1.27G   0.02211   0.02008   0.01247   0.05466        63       384    0.9334    0.9557    0.9788    0.8048   0.01294  0.008348  0.001812
    94/199     1.27G   0.02191   0.01986   0.01203    0.0538        58       384    0.9371    0.9528      0.98    0.8053    0.0129  0.008333  0.001516
    95/199     1.27G   0.02194   0.01975   0.01186   0.05356        52       384    0.9282    0.9604    0.9794     0.806   0.01288  0.008343  0.001497
    96/199     1.27G   0.02198    0.0196   0.01222   0.05381        58       384    0.9429    0.9432     0.979    0.8082   0.01282   0.00832  0.001634
    97/199     1.27G   0.02194   0.01977   0.01214   0.05386        62       384    0.9368    0.9521    0.9792     0.809   0.01274  0.008294  0.001766
    98/199     1.27G   0.02203   0.01974   0.01175   0.05352        57       384     0.932    0.9589    0.9793      0.81    0.0127  0.008283  0.001732
    99/199     1.27G   0.02174   0.01981   0.01157   0.05312        53       384    0.9325    0.9631    0.9799    0.8106   0.01269  0.008253  0.001552
   100/199     1.27G   0.02186   0.01961   0.01152   0.05299        55       384    0.9466    0.9464    0.9797    0.8096   0.01266  0.008251  0.001744
   101/199     1.27G   0.02168    0.0197   0.01158   0.05296        53       384    0.9427     0.951    0.9802    0.8148    0.0126  0.008204  0.001483
   102/199     1.27G    0.0215   0.01946   0.01135   0.05231        68       384    0.9444    0.9494    0.9804     0.814   0.01263  0.008206  0.001364
   103/199     1.27G   0.02169   0.01933   0.01156   0.05258        66       384    0.9407    0.9558    0.9807    0.8162   0.01253  0.008179  0.001287
   104/199     1.27G   0.02133   0.01959    0.0117   0.05262        67       384     0.936    0.9619    0.9811    0.8178    0.0125  0.008148  0.001438
   105/199     1.27G   0.02128   0.01955   0.01115   0.05199        44       384    0.9544    0.9423    0.9816    0.8177   0.01244  0.008114  0.001598
   106/199     1.27G   0.02132   0.01917   0.01089   0.05139        52       384    0.9422    0.9585    0.9815    0.8192    0.0124  0.008082  0.001529
   107/199     1.27G   0.02141    0.0195   0.01103   0.05194        63       384    0.9455    0.9572    0.9816    0.8196   0.01236  0.008061  0.001426
   108/199     1.27G   0.02133   0.01934   0.01126   0.05193        48       384    0.9464    0.9556    0.9818    0.8215   0.01234  0.008019  0.001548
   109/199     1.27G   0.02113    0.0193   0.01076   0.05119        68       384    0.9506    0.9509    0.9824     0.823   0.01229  0.007979  0.001667
   110/199     1.27G   0.02093   0.01914    0.0106   0.05068        62       384     0.947    0.9576    0.9826    0.8234   0.01222  0.007942  0.001618
   111/199     1.27G   0.02103   0.01925   0.01081   0.05109        52       384    0.9451    0.9611    0.9831    0.8247   0.01213   0.00792  0.001544
   112/199     1.27G     0.021   0.01921   0.01123   0.05144        58       384    0.9496    0.9551    0.9826    0.8267   0.01204  0.007916  0.001525
   113/199     1.27G   0.02095    0.0191   0.01063   0.05067        54       384    0.9447     0.961    0.9828    0.8277     0.012   0.00789  0.001527
   114/199     1.27G   0.02066   0.01889   0.01042   0.04997        56       384    0.9512    0.9569    0.9828    0.8281   0.01202  0.007874  0.001612
   115/199     1.27G   0.02083   0.01909   0.01034   0.05026        46       384    0.9499    0.9599    0.9828    0.8283   0.01202  0.007865  0.001563
   116/199     1.27G   0.02092   0.01899   0.01034   0.05025        57       384    0.9535    0.9593    0.9833    0.8296   0.01201  0.007851  0.001523
   117/199     1.27G   0.02042   0.01861    0.0102   0.04923        58       384    0.9498    0.9635    0.9833    0.8295   0.01199  0.007838  0.001569
   118/199     1.27G   0.02055   0.01876   0.01008   0.04938        51       384    0.9496    0.9638    0.9835    0.8294   0.01197  0.007813  0.001595
   119/199     1.27G   0.02055   0.01855  0.009914   0.04902        51       384    0.9539    0.9615    0.9838    0.8318   0.01193  0.007793  0.001511
   120/199     1.27G   0.02082   0.01859   0.01046   0.04987        56       384     0.955    0.9566    0.9837    0.8323   0.01188  0.007779  0.001538
   121/199     1.27G   0.02034   0.01851    0.0102   0.04904        60       384    0.9505    0.9612    0.9837    0.8329   0.01186  0.007765  0.001395
   122/199     1.27G   0.02045   0.01872  0.009963   0.04913        45       384    0.9473    0.9647    0.9837    0.8331   0.01189  0.007754  0.001319
   123/199     1.27G   0.02029   0.01856  0.009755    0.0486        49       384    0.9457    0.9667     0.984     0.834    0.0119  0.007737   0.00119
   124/199     1.27G   0.02039   0.01827  0.009904   0.04856        62       384    0.9492    0.9621    0.9841    0.8346   0.01192  0.007722  0.001112
   125/199     1.27G    0.0201   0.01839  0.009612    0.0481        62       384    0.9584    0.9561    0.9842    0.8359   0.01191  0.007708  0.001052
   126/199     1.27G   0.02028   0.01844  0.009566   0.04829        54       384     0.953    0.9616    0.9843    0.8365   0.01189  0.007693 0.0009808
   127/199     1.27G   0.02006   0.01851   0.00954   0.04811        47       384    0.9519    0.9628    0.9844    0.8369   0.01188  0.007694 0.0009639
   128/199     1.27G   0.02008   0.01819  0.009281   0.04755        41       384    0.9551    0.9607    0.9847    0.8375   0.01187  0.007685 0.0009283
   129/199     1.27G   0.01985   0.01833  0.009249   0.04743        68       384     0.955    0.9611    0.9847    0.8386   0.01182  0.007672 0.0009314
   130/199     1.27G   0.01997   0.01831  0.009374   0.04765        61       384    0.9551    0.9607     0.985     0.839   0.01178  0.007662 0.0009522
   131/199     1.27G   0.01978   0.01817  0.009128   0.04708        68       384    0.9578    0.9591     0.985    0.8398   0.01173  0.007653 0.0009483
   132/199     1.27G   0.01985   0.01816  0.009053   0.04706        61       384    0.9529    0.9634     0.985    0.8404   0.01171  0.007641 0.0009362
   133/199     1.27G   0.01967   0.01794   0.00919    0.0468        43       384    0.9595    0.9571    0.9849    0.8402   0.01169  0.007629 0.0009442
   134/199     1.27G   0.01974   0.01808  0.009033   0.04685        49       384    0.9564    0.9606    0.9849    0.8409   0.01168  0.007616 0.0009747
   135/199     1.27G    0.0198   0.01809  0.008987   0.04688        61       384     0.955    0.9628    0.9852    0.8417   0.01166  0.007607 0.0009786
   136/199     1.27G   0.01948    0.0178  0.008862   0.04614        59       384    0.9576    0.9601    0.9852    0.8423   0.01167  0.007597 0.0009519
   137/199     1.27G   0.01969   0.01801  0.009309   0.04701        51       384    0.9556    0.9625    0.9853    0.8428   0.01165  0.007584 0.0009261
   138/199     1.27G   0.01943   0.01771  0.008768    0.0459        50       384    0.9547    0.9636    0.9852    0.8432   0.01165  0.007575 0.0009595
   139/199     1.27G   0.01949   0.01812  0.008845   0.04646        69       384    0.9534    0.9642    0.9851    0.8434   0.01164  0.007567 0.0009829
   140/199     1.27G   0.01942   0.01777  0.008541   0.04573        54       384    0.9514    0.9659    0.9852    0.8439   0.01163  0.007556  0.001008
   141/199     1.27G   0.01952   0.01777  0.008677   0.04597        48       384    0.9517    0.9654    0.9853     0.844   0.01164  0.007549  0.001033
   142/199     1.27G    0.0193   0.01799  0.008611    0.0459        60       384    0.9492    0.9682    0.9854    0.8444   0.01163   0.00754  0.001055
   143/199     1.27G   0.01929   0.01762  0.008295    0.0452        61       384    0.9509    0.9669    0.9856    0.8454   0.01162  0.007528  0.001042
   144/199     1.27G   0.01924   0.01781    0.0087   0.04575        52       384    0.9494     0.968    0.9857    0.8462   0.01162  0.007516  0.001025
   145/199     1.27G    0.0193   0.01754  0.008508   0.04535        54       384    0.9512     0.966    0.9858    0.8462   0.01161  0.007505  0.001009
   146/199     1.27G   0.01915   0.01738  0.008278   0.04481        69       384    0.9565    0.9613    0.9858    0.8465    0.0116  0.007495 0.0009994
   147/199     1.27G   0.01901   0.01749   0.00836   0.04486        54       384    0.9553    0.9637    0.9859    0.8478   0.01158   0.00748 0.0009736
   148/199     1.27G   0.01914    0.0176  0.008319   0.04506        48       384    0.9563     0.963    0.9857    0.8483   0.01157  0.007471 0.0009619
   149/199     1.27G   0.01898   0.01751  0.008335   0.04482        62       384    0.9549    0.9657    0.9858    0.8487   0.01155  0.007463 0.0009554
   150/199     1.27G   0.01891   0.01752  0.008013   0.04444        53       384    0.9547    0.9661    0.9857    0.8485   0.01153  0.007458 0.0009225
   151/199     1.27G    0.0187   0.01733  0.008166    0.0442        57       384    0.9548    0.9665    0.9857    0.8498    0.0115   0.00745 0.0008907
   152/199     1.27G   0.01888   0.01726  0.008148   0.04429        53       384    0.9556    0.9658    0.9858    0.8495   0.01148  0.007443 0.0008846
   153/199     1.27G   0.01887   0.01707  0.008095   0.04403        56       384    0.9578    0.9636    0.9859    0.8495   0.01146  0.007434 0.0008897
   154/199     1.27G   0.01876   0.01735   0.00786   0.04397        59       384    0.9568    0.9648     0.986    0.8504   0.01145  0.007423 0.0008842
   155/199     1.27G   0.01864   0.01703  0.007927    0.0436        75       384    0.9581    0.9643     0.986    0.8506   0.01144  0.007416 0.0008916
   156/199     1.27G   0.01887   0.01715  0.007667   0.04369        59       384    0.9579    0.9636    0.9859    0.8511   0.01143  0.007409 0.0008926
   157/199     1.27G    0.0184   0.01699  0.007536   0.04293        62       384     0.958    0.9635    0.9859    0.8516   0.01142  0.007399 0.0009061
   158/199     1.27G   0.01848   0.01683  0.007431   0.04273        55       384    0.9587    0.9636    0.9859    0.8514   0.01141  0.007392 0.0009224
   159/199     1.27G   0.01839   0.01718  0.007571   0.04314        53       384    0.9507    0.9714    0.9858    0.8513    0.0114  0.007384 0.0009345
   160/199     1.27G   0.01837   0.01692  0.007268   0.04255        63       384      0.95    0.9723    0.9858    0.8512   0.01138  0.007374 0.0009444
   161/199     1.27G   0.01845   0.01702  0.007589   0.04307        68       384    0.9596    0.9624    0.9859    0.8516   0.01136  0.007366 0.0009607
   162/199     1.27G   0.01815   0.01691  0.007705   0.04276        54       384    0.9595    0.9628    0.9858    0.8514   0.01135   0.00736 0.0009747
   163/199     1.27G   0.01828   0.01682  0.007537   0.04264        46       384    0.9553     0.967    0.9858    0.8518   0.01133  0.007353 0.0009831
   164/199     1.27G   0.01821   0.01682  0.007556   0.04259        55       384     0.951    0.9717    0.9858    0.8525   0.01133  0.007347  0.000989
   165/199     1.27G   0.01824   0.01684  0.007411   0.04249        46       384    0.9615    0.9612    0.9859    0.8534   0.01131   0.00734  0.001001
   166/199     1.27G   0.01802   0.01655  0.007477   0.04205        63       384    0.9623    0.9607    0.9859    0.8534    0.0113  0.007333  0.001004
   167/199     1.27G   0.01817   0.01667  0.007046   0.04189        59       384    0.9628     0.961     0.986    0.8542   0.01128  0.007328  0.001001
   168/199     1.27G   0.01823   0.01686  0.007089   0.04218        49       384    0.9654    0.9577     0.986    0.8541   0.01127  0.007323 0.0009998
   169/199     1.27G   0.01803   0.01662  0.007245   0.04189        64       384    0.9652    0.9582    0.9861    0.8544   0.01127   0.00732  0.001003
   170/199     1.27G   0.01799   0.01668   0.00705   0.04172        59       384    0.9637    0.9599    0.9862     0.855   0.01125  0.007315  0.001005
   171/199     1.27G   0.01804   0.01652  0.007305   0.04186        57       384     0.964    0.9603    0.9862    0.8543   0.01125  0.007312  0.001013
   172/199     1.27G   0.01791   0.01648  0.006964   0.04135        60       384    0.9638    0.9603    0.9863    0.8546   0.01124  0.007308  0.001006
   173/199     1.27G   0.01804   0.01646  0.007535   0.04204        64       384    0.9637    0.9602    0.9863    0.8546   0.01123  0.007302  0.001001
   174/199     1.27G   0.01774   0.01639  0.006814   0.04094        63       384    0.9636    0.9603    0.9863    0.8552   0.01122  0.007296 0.0009975
   175/199     1.27G   0.01775   0.01639   0.00694   0.04108        45       384    0.9595     0.965    0.9864    0.8551   0.01122  0.007293 0.0009908
   176/199     1.27G   0.01782   0.01633  0.007089   0.04124        43       384    0.9607    0.9636    0.9864    0.8555   0.01121  0.007289 0.0009783
   177/199     1.27G   0.01797   0.01661  0.007049   0.04163        58       384    0.9631     0.961    0.9864    0.8555    0.0112  0.007285 0.0009604
   178/199     1.27G   0.01776   0.01644  0.006966   0.04116        72       384     0.963    0.9612    0.9865    0.8554   0.01119  0.007281 0.0009538
   179/199     1.27G   0.01767   0.01645  0.006929   0.04106        56       384    0.9611    0.9635    0.9865    0.8555   0.01118  0.007277 0.0009435
   180/199     1.27G   0.01754   0.01635  0.006769   0.04066        52       384    0.9603    0.9647    0.9865    0.8554   0.01117  0.007274 0.0009292
   181/199     1.27G   0.01753   0.01639  0.006703   0.04062        45       384    0.9607    0.9642    0.9866    0.8552   0.01117  0.007273 0.0009114
   182/199     1.27G   0.01761   0.01631  0.006683    0.0406        49       384    0.9609     0.964    0.9867     0.855   0.01117   0.00727 0.0008955
   183/199     1.27G    0.0176   0.01626  0.006593   0.04045        63       384     0.961     0.964    0.9867    0.8548   0.01116  0.007266 0.0008785
   184/199     1.27G   0.01762   0.01629  0.006865   0.04077        63       384    0.9608     0.964    0.9867    0.8547   0.01115  0.007263   0.00086
   185/199     1.27G    0.0177   0.01612  0.006984    0.0408        62       384     0.961    0.9639    0.9867    0.8553   0.01114  0.007258 0.0008487
   186/199     1.27G   0.01754   0.01603  0.006459   0.04003        50       384     0.961     0.964    0.9867    0.8556   0.01113  0.007254 0.0008415
   187/199     1.27G   0.01769   0.01622  0.006601   0.04051        61       384    0.9614    0.9641    0.9867     0.856   0.01112  0.007251 0.0008318
   188/199     1.27G   0.01745   0.01606  0.006647   0.04016        53       384    0.9616    0.9639    0.9867     0.856   0.01111  0.007248 0.0008252
   189/199     1.27G   0.01745   0.01604   0.00654   0.04003        34       384    0.9615     0.964    0.9868    0.8565    0.0111  0.007243 0.0008085
   190/199     1.27G   0.01752   0.01607  0.006597   0.04019        40       384    0.9612    0.9642    0.9868    0.8567    0.0111  0.007242 0.0007985
   191/199     1.27G   0.01749   0.01602   0.00664   0.04014        72       384    0.9612    0.9642    0.9868    0.8562    0.0111  0.007242 0.0007895
   192/199     1.27G    0.0174   0.01627  0.006834    0.0405        56       384    0.9648    0.9607    0.9868    0.8566    0.0111   0.00724 0.0007826
   193/199     1.27G   0.01744   0.01597  0.006613   0.04002        65       384    0.9645    0.9612    0.9868    0.8567   0.01109  0.007238  0.000776
   194/199     1.27G   0.01733   0.01624  0.006345   0.03991        65       384    0.9645    0.9612    0.9868    0.8569   0.01109  0.007233 0.0007679
   195/199     1.27G   0.01725   0.01588  0.006409   0.03955        69       384    0.9616     0.964    0.9869    0.8571   0.01108  0.007229  0.000762
   196/199     1.27G   0.01711   0.01597  0.006535   0.03962        59       384    0.9646    0.9613    0.9869    0.8569   0.01108  0.007231 0.0007555
   197/199     1.27G   0.01736   0.01606  0.006645   0.04006        55       384    0.9654     0.961    0.9869    0.8573   0.01107  0.007226  0.000752
   198/199     1.27G   0.01726   0.01585  0.006452   0.03957        64       384    0.9634    0.9627     0.987    0.8568   0.01107  0.007223 0.0007509
   199/199     1.27G   0.01744   0.01595  0.006478   0.03987        61       384    0.9641    0.9624     0.987    0.8565   0.01107  0.007225 0.0007452
