     0/199    0.713G   0.08637   0.03713   0.05268    0.1762         2       384  0.008373   0.01776  0.002203 0.0003672   0.05553   0.02532   0.03948
     1/199    0.738G   0.07678   0.04099   0.05155    0.1693         2       384   0.06006    0.1719   0.03384  0.009213   0.04793   0.02571    0.0388
     2/199    0.738G   0.06821    0.0406   0.05083    0.1596         6       384   0.08928    0.4292   0.06836   0.01925   0.04184   0.02524   0.03828
     3/199    0.738G   0.06095   0.03882   0.05041    0.1502         3       384   0.09014    0.4626    0.0973   0.04223   0.03804   0.02651   0.03796
     4/199    0.738G   0.05298   0.03785   0.05009    0.1409         3       384    0.1357    0.5801    0.1546   0.08529   0.03017   0.02165   0.03762
     5/199    0.738G   0.04784   0.03581   0.04973    0.1334         2       384    0.1307    0.6502    0.1774    0.1137   0.02603   0.02049   0.03783
     6/199    0.738G   0.04204   0.03236   0.04934    0.1237         4       384    0.1438    0.7133     0.221    0.1375    0.0239   0.01668   0.03685
     7/199    0.738G   0.04085   0.03129   0.04874    0.1209         3       384     0.186    0.5773    0.2417    0.1361   0.02688   0.01615   0.03632
     8/199    0.738G   0.03752    0.0303   0.04792    0.1157         7       384    0.2001    0.6707    0.2792    0.1748   0.02139   0.01556   0.03501
     9/199    0.738G   0.03648   0.02983   0.04665     0.113         3       384    0.2554    0.5702    0.3064    0.2144   0.01908   0.01463   0.03429
    10/199    0.738G   0.03437   0.02807   0.04595    0.1084         4       384    0.3212    0.4573    0.3411    0.2494   0.01785   0.01395   0.03318
    11/199    0.738G   0.03329   0.02785   0.04526    0.1064         3       384     0.279    0.6262    0.3489    0.2505   0.01889   0.01383   0.03218
    12/199    0.738G   0.03251   0.02695    0.0444    0.1039         3       384    0.3223    0.6247    0.3908    0.2807   0.01749   0.01298   0.03172
    13/199    0.738G   0.03126   0.02701   0.04363    0.1019         1       384    0.3251    0.6444    0.4212    0.2971   0.01797    0.0126   0.03025
    14/199    0.738G   0.03037   0.02614   0.04281   0.09931         6       384    0.3254    0.6547    0.4035    0.2979    0.0155   0.01238   0.03002
    15/199    0.738G    0.0295   0.02549   0.04188   0.09687         5       384    0.3194    0.7077    0.4486    0.3454   0.01581   0.01252   0.02873
    16/199    0.738G   0.02954   0.02582   0.04119   0.09654         4       384    0.3705     0.686    0.4836    0.3765   0.01462   0.01183   0.02765
    17/199    0.738G   0.02897   0.02493   0.03996   0.09385         5       384    0.3998     0.686    0.5232    0.4004   0.01477   0.01141   0.02672
    18/199    0.738G    0.0292   0.02475   0.03916    0.0931        13       384    0.4161    0.7015    0.5543    0.4294   0.01474   0.01119   0.02504
    19/199    0.738G   0.02844   0.02474   0.03872    0.0919         8       384     0.413    0.7737    0.5813    0.4461   0.01392   0.01111   0.02419
    20/199    0.738G   0.02817   0.02429   0.03767   0.09014         3       384    0.4137    0.8052    0.6148    0.4778   0.01378   0.01108   0.02326
    21/199    0.738G   0.02753   0.02395   0.03628   0.08775         4       384    0.4756     0.739    0.6314    0.4798   0.01471   0.01095   0.02223
    22/199    0.738G   0.02713     0.024   0.03508   0.08621         6       384    0.4968    0.7375    0.6513    0.4939   0.01384   0.01079   0.02231
    23/199    0.738G   0.02694   0.02363   0.03474   0.08532         6       384    0.5158    0.7137     0.671    0.5294   0.01399   0.01042   0.02144
    24/199    0.738G   0.02764    0.0238     0.033   0.08445         2       384    0.5335    0.7167    0.6961    0.5474    0.0139   0.01071   0.01985
    25/199    0.738G   0.02651    0.0236   0.03304   0.08316         5       384     0.585    0.7427    0.7253    0.5735   0.01347   0.01042   0.01927
    26/199    0.738G   0.02636   0.02368   0.03243   0.08247         6       384    0.6034     0.719    0.7451    0.5942   0.01274    0.0103   0.01811
    27/199    0.738G   0.02649   0.02301   0.03101   0.08051         7       384    0.6862    0.6536    0.7245    0.5769   0.01366   0.01096   0.01856
    28/199    0.738G   0.02697   0.02372   0.02987   0.08056         2       384    0.7556    0.6525     0.738     0.572   0.01366   0.01085   0.01836
    29/199    0.738G   0.02605   0.02252    0.0285   0.07707         2       384    0.7066    0.7371    0.7926    0.6367   0.01248   0.01018   0.01589
    30/199    0.738G   0.02611   0.02328   0.02876   0.07815         6       384    0.7924    0.7597    0.8357     0.658   0.01333   0.01068   0.01351
    31/199    0.738G   0.02584   0.02269    0.0276   0.07614         6       384    0.7269    0.7767    0.8137    0.6472   0.01288   0.01078   0.01561
    32/199    0.738G   0.02534   0.02229    0.0268   0.07443         2       384    0.7846     0.737    0.8298    0.6734   0.01241   0.01001   0.01434
    33/199    0.738G   0.02548   0.02286   0.02551   0.07385         4       384    0.7834    0.7781    0.8371    0.6638   0.01304   0.01009   0.01443
    34/199    0.738G   0.02503    0.0218   0.02526   0.07209        11       384    0.8233    0.7629    0.8613    0.6913   0.01276   0.01014   0.01189
    35/199    0.738G   0.02549   0.02203   0.02514   0.07266         1       384    0.8578     0.777    0.8818    0.7187   0.01228  0.009712   0.01247
    36/199    0.738G     0.025   0.02229   0.02401    0.0713         5       384    0.7747    0.7967    0.8395    0.6722   0.01272   0.01023   0.01268
    37/199    0.738G   0.02529   0.02233   0.02407    0.0717         7       384    0.8254    0.7539     0.851    0.6929   0.01326   0.01011   0.01297
    38/199    0.738G   0.02481   0.02156   0.02355   0.06993         2       384    0.8518    0.8011    0.8983    0.7289   0.01221  0.009809  0.009497
    39/199    0.738G   0.02423   0.02174     0.023   0.06896         3       384     0.806    0.7268    0.8023     0.653   0.01271   0.01026   0.01746
    40/199    0.738G   0.02441   0.02213   0.02165   0.06819         4       384    0.8417    0.8076    0.8932    0.7321   0.01208  0.009476  0.009994
    41/199    0.738G    0.0241   0.02149    0.0219   0.06749         7       384     0.852    0.8237    0.9073    0.7469   0.01171  0.009605  0.008937
    42/199    0.738G   0.02405   0.02147   0.02108   0.06659         4       384    0.8395    0.8586     0.922    0.7682   0.01138  0.009274  0.009039
    43/199    0.738G   0.02376   0.02124   0.02104   0.06603         9       384    0.8095    0.8435    0.9008    0.7502   0.01153  0.009427   0.00977
    44/199    0.738G   0.02375   0.02159   0.02153   0.06687         6       384    0.8208    0.7594      0.85    0.6896   0.01226  0.009842   0.01642
    45/199    0.738G   0.02362   0.02109   0.02103   0.06574         4       384     0.902    0.8244    0.9249    0.7697   0.01141  0.009205  0.007622
    46/199    0.738G   0.02319   0.02156   0.02024   0.06498         2       384    0.8333    0.8238    0.8805    0.7305   0.01136  0.009117   0.01188
    47/199    0.738G   0.02334   0.02079   0.01903   0.06317         2       384    0.8896    0.8742    0.9404    0.7983   0.01148  0.009009  0.006369
    48/199    0.738G   0.02315   0.02086    0.0192   0.06321         1       384    0.8827    0.8369    0.9277    0.7782   0.01089  0.008918  0.007362
    49/199    0.738G   0.02347   0.02051   0.01809   0.06207         7       384    0.8898    0.8642    0.9374    0.7855   0.01099  0.008804   0.00621
    50/199    0.738G   0.02233   0.02058   0.01911   0.06202         2       384    0.8963     0.861    0.9398    0.7957   0.01073  0.008792   0.00704
    51/199    0.738G   0.02276   0.02033   0.01812   0.06121         3       384    0.8907    0.8711     0.942    0.7865    0.0112  0.008784  0.006606
    52/199    0.738G   0.02222   0.02042   0.01804   0.06067         5       384    0.8758    0.8267    0.9155    0.7702   0.01115  0.009261  0.007773
    53/199    0.738G    0.0231   0.02044   0.01806    0.0616         7       384    0.8711    0.8472    0.9204     0.782   0.01098  0.009038  0.008262
    54/199    0.738G   0.02232   0.02012   0.01799   0.06042         1       384    0.8859    0.8519    0.9342    0.7975   0.01034   0.00859  0.007419
    55/199    0.738G   0.02246   0.02059   0.01711   0.06016         5       384    0.9054    0.8352    0.9364    0.7924   0.01074  0.008729  0.007004
    56/199    0.738G   0.02199   0.02027   0.01713   0.05939         2       384    0.8957    0.8683    0.9464    0.8027   0.01032  0.008332  0.005811
    57/199    0.738G   0.02197      0.02   0.01611   0.05809         3       384    0.8852     0.882     0.949    0.8063   0.01011  0.008571  0.005329
    58/199    0.738G   0.02158   0.02006   0.01687   0.05851         2       384    0.9187    0.8747    0.9561    0.8147   0.01083  0.008356  0.004869
    59/199    0.738G   0.02189   0.02016   0.01628   0.05833         6       384    0.8536    0.9273    0.9531    0.8166   0.01028  0.008323  0.005376
    60/199    0.738G   0.02173    0.0197   0.01632   0.05776         5       384    0.9391    0.8616    0.9551    0.8148   0.01054  0.008342   0.00447
    61/199    0.738G   0.02137    0.0193   0.01573   0.05641         1       384    0.9128    0.8823    0.9526    0.8217   0.01007  0.008346  0.004778
    62/199    0.738G   0.02161   0.02023   0.01532   0.05716         8       384    0.8965    0.8981    0.9513    0.8209  0.009978  0.008309  0.005089
    63/199    0.738G   0.02126   0.01964   0.01591   0.05681         3       384    0.8889    0.8921    0.9511    0.8186   0.01028  0.008247  0.005084
    64/199    0.738G   0.02135   0.01934   0.01595   0.05664         2       384    0.8567    0.9339    0.9518     0.825  0.009912  0.007995  0.004795
    65/199    0.738G   0.02118   0.01987   0.01457   0.05563         5       384    0.8383    0.8712    0.9266    0.7988   0.01027  0.008622  0.009153
    66/199    0.738G   0.02107   0.01938   0.01442   0.05487         5       384    0.9023    0.8949    0.9506    0.8236   0.01017  0.008223  0.004824
    67/199    0.738G   0.02095    0.0189   0.01479   0.05464         2       384    0.8826    0.9026    0.9513    0.8228  0.009913  0.008331  0.005459
    68/199    0.738G   0.02056   0.01928   0.01474   0.05457         2       384    0.9206     0.894    0.9551    0.8265  0.009872  0.008088  0.004546
    69/199    0.738G   0.02073   0.01899   0.01419   0.05391         5       384    0.9072    0.8942    0.9569    0.8326  0.009756  0.008017  0.005312
    70/199    0.738G    0.0208   0.01899   0.01545   0.05524         6       384    0.8963    0.9063    0.9514    0.8281  0.009784  0.008143  0.004617
    71/199    0.738G   0.02066   0.01926   0.01453   0.05445         7       384    0.9173    0.9194    0.9648    0.8347  0.009811  0.007903  0.003726
    72/199    0.738G   0.02041   0.01915   0.01379   0.05335         3       384    0.9066    0.9255    0.9652    0.8427  0.009505  0.007747   0.00328
    73/199    0.738G   0.02054   0.01903   0.01387   0.05344         9       384    0.9373    0.9155    0.9664    0.8427  0.009532  0.007796  0.003123
    74/199    0.738G   0.02027   0.01866   0.01399   0.05292         7       384    0.9087     0.921    0.9621    0.8415  0.009525  0.007716  0.003993
    75/199    0.738G   0.02052   0.01892   0.01376    0.0532         2       384    0.9194    0.9211    0.9642    0.8471  0.009635  0.007755   0.00351
    76/199    0.738G   0.02042   0.01873   0.01358   0.05273         9       384    0.9068    0.9335    0.9705    0.8541  0.009464  0.007598  0.003271
    77/199    0.738G   0.02027   0.01915   0.01316   0.05258         7       384    0.9184    0.9204    0.9669    0.8521   0.00917  0.007514  0.003683
    78/199    0.738G   0.02014   0.01865   0.01309   0.05188         2       384    0.9286    0.9148    0.9666    0.8491  0.009123  0.007496   0.00364
    79/199    0.738G   0.01976   0.01852    0.0126   0.05088         4       384    0.9134    0.9272    0.9656    0.8448  0.009041  0.007551  0.003597
    80/199    0.738G   0.02031   0.01879   0.01312   0.05222         4       384    0.9131    0.9219    0.9621     0.846  0.009144  0.007638  0.003954
    81/199    0.738G   0.02023    0.0185   0.01318   0.05191         2       384    0.8969    0.9336    0.9637    0.8432  0.009134  0.007648  0.003438
    82/199    0.738G   0.01933   0.01834   0.01302   0.05069         1       384    0.9221      0.93    0.9679    0.8501  0.009165  0.007565  0.003622
    83/199    0.738G   0.01958   0.01855   0.01222   0.05034         7       384    0.9225    0.9395    0.9712    0.8543  0.009155  0.007576   0.00244
    84/199    0.738G   0.01991   0.01865   0.01298   0.05154         3       384    0.9226    0.9382    0.9696    0.8575  0.008987  0.007518  0.002614
    85/199    0.738G   0.01937   0.01815   0.01222   0.04973         8       384    0.9361    0.9094    0.9679    0.8566  0.008947  0.007426  0.003457
    86/199    0.738G   0.01933   0.01825   0.01262    0.0502         4       384    0.9274    0.9282    0.9702    0.8543  0.009058  0.007508  0.002945
    87/199    0.738G   0.01956   0.01815   0.01139    0.0491         2       384    0.9056    0.9567    0.9704    0.8646  0.008798    0.0074   0.00294
    88/199    0.738G   0.01924   0.01802   0.01212   0.04938         3       384    0.9353    0.9337    0.9714    0.8606  0.008863  0.007351  0.002452
    89/199    0.738G   0.01893    0.0177    0.0122   0.04883         2       384    0.9168    0.9379    0.9711    0.8622  0.008734  0.007284  0.003341
    90/199    0.738G   0.01933   0.01849   0.01192   0.04973         4       384    0.9358    0.9366    0.9755    0.8681  0.008846  0.007308  0.002272
    91/199    0.738G   0.01891   0.01773   0.01127    0.0479         4       384    0.9315    0.9423    0.9733    0.8695  0.008729  0.007206  0.002458
    92/199    0.738G   0.01883   0.01798   0.01064   0.04744         1       384    0.9359    0.9224    0.9723    0.8682  0.008818   0.00731  0.003442
    93/199    0.738G   0.01844   0.01766   0.01141   0.04751         7       384    0.9362    0.9395    0.9777    0.8694  0.008716  0.007252  0.002943
    94/199    0.738G   0.01863   0.01752    0.0111   0.04724         6       384    0.9302    0.9374    0.9762    0.8716  0.008718  0.007242  0.002808
    95/199    0.738G   0.01859   0.01717   0.01139   0.04714         6       384    0.9261    0.9369    0.9762    0.8725  0.008765  0.007138  0.003055
    96/199    0.738G   0.01883   0.01753   0.01079   0.04715         3       384    0.9446    0.9529    0.9795    0.8738  0.008631  0.007058  0.001998
    97/199    0.738G    0.0185    0.0174   0.01171    0.0476         2       384    0.9389    0.9366    0.9769    0.8721  0.008682  0.007063  0.002589
    98/199    0.738G   0.01838    0.0173    0.0112   0.04687         1       384    0.9366    0.9436    0.9772    0.8727  0.008727  0.007052   0.00232
    99/199    0.738G   0.01832   0.01736   0.01025   0.04593         4       384    0.9293    0.9525    0.9766    0.8788  0.008564  0.006984  0.002507
   100/199    0.738G   0.01812   0.01707     0.011   0.04619         2       384    0.9294    0.9464    0.9758    0.8743  0.008311  0.007058  0.001909
   101/199    0.738G   0.01836   0.01755   0.01063   0.04654         3       384    0.9434    0.9334    0.9786     0.874  0.008886  0.007133  0.002587
   102/199    0.738G   0.01851   0.01711  0.009791   0.04542         2       384    0.9342    0.9307    0.9761    0.8792  0.008276  0.006879   0.00286
   103/199    0.738G    0.0179   0.01705   0.01064   0.04559         6       384     0.937    0.9554    0.9782    0.8754  0.008214  0.006905  0.001998
   104/199    0.738G   0.01786   0.01733    0.0099   0.04509         2       384    0.9326    0.9407    0.9778    0.8795  0.008289  0.006957  0.002339
   105/199    0.738G   0.01824   0.01744   0.01034   0.04602         9       384    0.9257    0.9565    0.9809    0.8892  0.008115  0.006797   0.00169
   106/199    0.738G   0.01779   0.01704   0.01011   0.04494         5       384    0.9452    0.9334     0.978    0.8824  0.008227  0.006919  0.001866
   107/199    0.738G    0.0181    0.0165   0.01024   0.04484         2       384    0.9498    0.9474    0.9776    0.8849  0.008023  0.006762  0.001992
   108/199    0.738G   0.01792   0.01697  0.009615   0.04451         4       384     0.949    0.9598     0.982    0.8928  0.008095  0.006671  0.001405
   109/199    0.738G   0.01781    0.0171   0.00972   0.04463         5       384    0.9371    0.9565    0.9779    0.8883  0.008164  0.006737  0.002298
   110/199    0.738G   0.01772   0.01691  0.009943   0.04457         2       384    0.9407      0.95    0.9757    0.8856  0.007955  0.006739  0.002418
   111/199    0.738G   0.01766   0.01662  0.009879   0.04416         3       384    0.9336    0.9608     0.981    0.8905  0.007927  0.006629  0.001862
   112/199    0.738G   0.01766   0.01686  0.009866   0.04439         3       384    0.9448    0.9483    0.9802      0.89  0.007975  0.006641  0.001444
   113/199    0.738G   0.01772   0.01714   0.01002   0.04487         9       384    0.9387    0.9555    0.9779     0.887  0.007954  0.006724  0.001997
   114/199    0.738G    0.0175   0.01661  0.008955   0.04306         2       384    0.9247    0.9606     0.981    0.8891  0.007853  0.006647  0.001584
   115/199    0.738G    0.0171   0.01665  0.009181   0.04293         9       384    0.9404    0.9534    0.9799    0.8868  0.007874  0.006665  0.001642
   116/199    0.738G   0.01709   0.01644  0.008971    0.0425         4       384    0.9545    0.9495    0.9825     0.896  0.007737  0.006588  0.001494
   117/199    0.738G   0.01719   0.01648  0.009032    0.0427         7       384    0.9426    0.9435    0.9795    0.8905  0.007662  0.006649  0.002599
   118/199    0.738G   0.01701   0.01643  0.008754   0.04219         5       384    0.9439    0.9393     0.979    0.8931  0.007786   0.00666  0.002762
   119/199    0.738G   0.01716   0.01639  0.008891   0.04243         7       384    0.9565    0.9374    0.9818    0.8945  0.007793  0.006622  0.001544
   120/199    0.738G   0.01688   0.01641  0.009291   0.04259         1       384    0.9354     0.966    0.9828    0.8998  0.007763  0.006493  0.001347
   121/199    0.738G   0.01682   0.01637  0.008718    0.0419         5       384    0.9387    0.9574    0.9806    0.8926  0.007817  0.006653  0.001918
   122/199    0.738G   0.01675   0.01621  0.008669   0.04163         2       384    0.9333    0.9483    0.9795    0.8944  0.007787  0.006632  0.001813
   123/199    0.738G   0.01678   0.01656  0.008028   0.04137        12       384    0.9389    0.9561    0.9827     0.894   0.00767   0.00662   0.00158
   124/199    0.738G   0.01689   0.01589  0.008626    0.0414         3       384    0.9503     0.949     0.983    0.8978   0.00779   0.00655  0.001418
   125/199    0.738G   0.01636   0.01596  0.008599   0.04092         6       384    0.9436    0.9478    0.9814    0.8958  0.007754  0.006638  0.001763
   126/199    0.738G   0.01659   0.01634  0.008309   0.04124        13       384    0.9427    0.9582    0.9824    0.8996  0.007679  0.006522  0.001659
   127/199    0.738G   0.01703   0.01609  0.008215   0.04134         6       384    0.9473    0.9445    0.9794    0.8949  0.007701  0.006661  0.001986
   128/199    0.738G   0.01663    0.0158  0.008424   0.04085         4       384    0.9392    0.9637    0.9823    0.8965  0.007583   0.00664  0.001463
   129/199    0.738G   0.01674   0.01595  0.008357   0.04105         4       384      0.95    0.9581    0.9828    0.9022  0.007697  0.006383  0.001574
   130/199    0.738G   0.01654   0.01571  0.008106   0.04036         2       384    0.9341    0.9685     0.984    0.9011  0.007687  0.006408  0.001679
   131/199    0.738G   0.01663   0.01609  0.008044   0.04077         4       384    0.9597    0.9506    0.9843    0.9029  0.007563   0.00634  0.001726
   132/199    0.738G    0.0166   0.01626  0.007516   0.04037         6       384    0.9524    0.9445    0.9845    0.9024  0.007467  0.006348  0.001347
   133/199    0.738G   0.01643   0.01592  0.008015   0.04037         5       384    0.9371    0.9648     0.984    0.9031   0.00751   0.00641  0.001109
   134/199    0.738G     0.016   0.01557  0.008042   0.03962         2       384    0.9429    0.9566    0.9838    0.9059  0.007388  0.006376   0.00174
   135/199    0.738G   0.01625   0.01537  0.007815   0.03943         5       384    0.9445    0.9494    0.9833    0.9057  0.007518  0.006335  0.001861
   136/199    0.738G   0.01621   0.01581  0.008092   0.04012         7       384    0.9453    0.9552     0.985    0.9043  0.007425  0.006291  0.001548
   137/199    0.738G   0.01595   0.01537  0.007151   0.03847         4       384    0.9506    0.9488    0.9843    0.9063   0.00738  0.006245  0.001945
   138/199    0.738G   0.01556   0.01566  0.007327   0.03855         3       384    0.9492    0.9472    0.9823    0.9041  0.007357  0.006398  0.001743
   139/199    0.738G   0.01597   0.01527  0.007547   0.03878         4       384    0.9496    0.9489    0.9823    0.9057  0.007294  0.006354   0.00208
   140/199    0.738G   0.01628   0.01567   0.00802   0.03997         2       384    0.9332    0.9654    0.9835     0.908  0.007268  0.006302  0.001744
   141/199    0.738G   0.01546   0.01477   0.00796    0.0382         2       384    0.9624    0.9452     0.984    0.9038  0.007503  0.006292  0.001347
   142/199    0.738G   0.01538   0.01502  0.006927   0.03732         4       384    0.9586    0.9488    0.9844    0.9071  0.007285  0.006188  0.001719
   143/199    0.738G    0.0157    0.0155  0.006995    0.0382         9       384    0.9563    0.9527    0.9861    0.9085  0.007181  0.006217  0.001613
   144/199    0.738G   0.01573   0.01531  0.007145   0.03818         1       384    0.9509    0.9524    0.9849    0.9109  0.007229  0.006298  0.001831
   145/199    0.738G   0.01562   0.01527  0.007197   0.03808         5       384    0.9386    0.9629    0.9848    0.9078  0.007191    0.0063  0.001658
   146/199    0.738G    0.0157   0.01566  0.007415   0.03878        10       384    0.9476    0.9564    0.9845      0.91  0.007183  0.006325  0.001438
   147/199    0.738G   0.01554     0.015  0.007202   0.03775         1       384     0.941    0.9713    0.9843    0.9112   0.00714  0.006214 0.0009617
   148/199    0.738G   0.01588   0.01516  0.007016   0.03805         7       384    0.9534    0.9555    0.9838     0.911  0.007216  0.006279 0.0009726
   149/199    0.738G   0.01554   0.01469  0.006892   0.03712         5       384    0.9397    0.9681    0.9848    0.9123  0.007127  0.006121  0.001011
   150/199    0.738G   0.01547   0.01481  0.006986   0.03726         5       384    0.9465    0.9635    0.9839    0.9076  0.007276  0.006214  0.001068
   151/199    0.738G   0.01536   0.01518   0.00686    0.0374         1       384    0.9396    0.9679    0.9843    0.9137  0.007267  0.006201  0.001281
   152/199    0.738G   0.01524   0.01487   0.00745   0.03756         8       384    0.9445    0.9649    0.9861    0.9095   0.00721  0.006166  0.001112
   153/199    0.738G    0.0155   0.01494  0.008002   0.03844         8       384    0.9444    0.9651    0.9862    0.9107  0.007194  0.006136  0.001318
   154/199    0.738G   0.01516   0.01507  0.006753   0.03698         6       384    0.9479    0.9631    0.9853    0.9125  0.007065  0.006202   0.00119
   155/199    0.738G   0.01503   0.01505  0.006812    0.0369         6       384    0.9395     0.966    0.9849    0.9094  0.007057  0.006246  0.001269
   156/199    0.738G   0.01507   0.01464  0.006634   0.03634         2       384     0.942    0.9638     0.985    0.9104  0.007034  0.006152  0.001267
   157/199    0.738G   0.01518   0.01468   0.00668   0.03655         8       384     0.952    0.9585    0.9846    0.9113  0.006989  0.006154  0.001136
   158/199    0.738G   0.01502   0.01488  0.006095     0.036         5       384    0.9335    0.9732    0.9851    0.9115  0.007027  0.006076  0.001187
   159/199    0.738G    0.0149    0.0145  0.006405   0.03581         3       384    0.9527     0.963    0.9858    0.9143  0.006998  0.006091  0.001205
   160/199    0.738G    0.0153   0.01479  0.006613    0.0367         4       384    0.9518    0.9617    0.9839    0.9122  0.007065  0.006119  0.001423
   161/199    0.738G   0.01497   0.01466  0.005942   0.03557         4       384    0.9547    0.9594    0.9842    0.9139  0.007037  0.006045  0.001404
   162/199    0.738G   0.01486   0.01451  0.006133    0.0355         4       384    0.9497    0.9692    0.9848    0.9138  0.006937  0.006054  0.001093
   163/199    0.738G   0.01472   0.01428  0.006528   0.03553         6       384    0.9568    0.9594     0.984    0.9148  0.007038  0.006096  0.001238
   164/199    0.738G   0.01507   0.01479  0.005996   0.03585         7       384    0.9545    0.9624    0.9844    0.9132   0.00705  0.006123  0.001383
   165/199    0.738G   0.01469   0.01511  0.005744   0.03554         9       384    0.9505    0.9682     0.984    0.9141   0.00693  0.006118  0.001095
   166/199    0.738G   0.01484   0.01479  0.006043   0.03568        13       384    0.9422    0.9704    0.9842    0.9139  0.006956  0.006117  0.001074
   167/199    0.738G   0.01461    0.0145  0.006454   0.03556         4       384    0.9548    0.9553     0.984    0.9173  0.006889  0.005977  0.001187
   168/199    0.738G   0.01478   0.01452  0.006261   0.03556         7       384    0.9445     0.968    0.9845    0.9148  0.006855  0.006058  0.001235
   169/199    0.738G    0.0147   0.01445  0.006202   0.03535         4       384    0.9575    0.9543     0.983    0.9142  0.006737  0.006119 0.0008861
   170/199    0.738G   0.01452   0.01443  0.006055     0.035         2       384    0.9507    0.9606    0.9841     0.914  0.006812  0.006115 0.0008829
   171/199    0.738G    0.0148   0.01416  0.005953   0.03491         8       384    0.9452    0.9673    0.9853    0.9153   0.00684  0.006021  0.000967
   172/199    0.738G   0.01461   0.01439  0.005585   0.03458         3       384    0.9482    0.9679    0.9861     0.918  0.006769  0.005939   0.00126
   173/199    0.738G   0.01453   0.01427  0.005611   0.03441         3       384    0.9569    0.9627    0.9864    0.9171  0.006763  0.005986  0.001176
   174/199    0.738G   0.01446   0.01409  0.006129   0.03468         5       384    0.9512    0.9678     0.987    0.9207  0.006839  0.005909  0.001131
   175/199    0.738G   0.01461   0.01426  0.005957   0.03483         4       384    0.9593    0.9594    0.9872    0.9176  0.006831  0.005936 0.0008774
   176/199    0.738G   0.01442   0.01439  0.005843   0.03465         5       384    0.9631    0.9535     0.987    0.9213  0.006678  0.005858 0.0009775
   177/199    0.738G   0.01413   0.01391   0.00549   0.03353         6       384    0.9599    0.9616    0.9858    0.9187  0.006723  0.005915  0.001004
   178/199    0.738G   0.01423   0.01381  0.005892   0.03394         8       384    0.9682    0.9509    0.9863    0.9198  0.006726  0.005966 0.0008467
   179/199    0.738G   0.01437   0.01421  0.005792   0.03437         4       384    0.9439    0.9737    0.9867    0.9216  0.006716   0.00587 0.0009047
   180/199    0.738G   0.01456    0.0144  0.005866   0.03482         4       384    0.9439    0.9736    0.9866    0.9194  0.006689  0.005818   0.00103
   181/199    0.738G   0.01425   0.01407  0.005275    0.0336         6       384    0.9501    0.9623    0.9862    0.9206  0.006772  0.005863  0.001238
   182/199    0.738G   0.01419   0.01383  0.005509   0.03352         2       384    0.9422    0.9769    0.9868     0.921  0.006742   0.00583 0.0009373
   183/199    0.738G   0.01425   0.01445  0.005501   0.03421         3       384    0.9533    0.9665     0.986    0.9204  0.006695  0.005816  0.001008
   184/199    0.738G   0.01426   0.01406  0.005827   0.03414         4       384    0.9446    0.9751    0.9871    0.9209  0.006634  0.005818 0.0009662
   185/199    0.738G   0.01431   0.01432  0.005265    0.0339         6       384    0.9471    0.9734    0.9874     0.922  0.006593  0.005801 0.0008619
   186/199    0.738G   0.01437   0.01412  0.005786   0.03428         6       384    0.9698    0.9471    0.9863      0.92  0.006615  0.005793 0.0009878
   187/199    0.738G   0.01397   0.01377  0.005533   0.03327         5       384    0.9478    0.9731    0.9868     0.919  0.006632  0.005754 0.0009131
   188/199    0.738G   0.01435   0.01415  0.005813   0.03431         4       384    0.9502    0.9709    0.9868     0.921  0.006681  0.005758 0.0009395
   189/199    0.738G   0.01412   0.01432  0.005668   0.03411         6       384    0.9616    0.9611    0.9866    0.9219  0.006721   0.00581 0.0009664
   190/199    0.738G   0.01368   0.01399   0.00504   0.03271         3       384    0.9549    0.9669    0.9866    0.9231   0.00672  0.005753 0.0009077
   191/199    0.738G   0.01408   0.01389  0.005229    0.0332         7       384     0.963    0.9623    0.9864    0.9216  0.006635  0.005741 0.0008793
   192/199    0.738G   0.01403   0.01384  0.005866   0.03373         2       384    0.9659    0.9573    0.9876    0.9231  0.006712  0.005777 0.0008679
   193/199    0.738G   0.01396   0.01366  0.005497   0.03312         2       384    0.9659    0.9621    0.9881    0.9235   0.00661  0.005725 0.0008138
   194/199    0.738G   0.01419   0.01395  0.006173   0.03431         5       384    0.9582     0.965    0.9876    0.9212  0.006679  0.005773 0.0008005
   195/199    0.738G   0.01391   0.01382  0.005652   0.03338         3       384    0.9534    0.9688    0.9873     0.921  0.006643  0.005811 0.0008729
   196/199    0.738G   0.01412   0.01404  0.005531   0.03369         4       384    0.9541    0.9646    0.9872     0.921  0.006599  0.005808 0.0009307
   197/199    0.738G   0.01428   0.01413  0.005539   0.03395         8       384    0.9475    0.9736    0.9871    0.9224  0.006549  0.005755 0.0009581
   198/199    0.738G     0.014   0.01375  0.005528   0.03328         0       384    0.9506    0.9747    0.9874    0.9231  0.006491  0.005773 0.0009023
   199/199    0.738G   0.01367   0.01331  0.005063   0.03205         3       384    0.9442    0.9775    0.9873    0.9237  0.006487  0.005823  0.001015
